90,39977
90,59976
109,5995
129,9992
131,3991
150,7988
151,3988
170,9985
173,7985
192,5982
103,3996
120,7993
229,9976
231,3976
122,1993
124,3992
120,3993
122,1993
98,79964
75,39999
183,7983
121,9993
142,399
121,5993
179,7984
138,799
100,9996
122,7993
142,799
257,3973
99,59962
165,7986
234,5976
158,1987
101,5996
100,7996
162,5987
90,39977
118,9993
120,3993
223,3977
101,5996
83,39987
103,1996
221,3978
121,9993
177,7984
302,6001
234,3976
141,399
162,5987
123,5993
77,79996
82,99988
176,1985
238,3975
139,199
142,599
102,7996
221,3978
96,79967
181,3984
140,599
137,999
162,5987
162,5987
75
118,1993
181,3984
120,5993
103,9996
287,5992
106,3995
81,5999
224,5977
100,7996
141,399
181,1984
204,798
220,1978
200,1981
160,1987
151,9988
109,5995
269,9981
73,20003
176,9984
181,1984
78,79994
135,5991
161,5987
122,5993
177,5984
219,5978
242,9974
120,7993
177,3984
77,39996
141,399
226,1977
212,7979
164,1986
222,3978
202,5981
202,798
150,5988
237,9975
163,3987
120,7993
100,3996
201,9981
137,999
189,7982
220,9978
139,799
256,3972
101,5996
253,7973
158,9987
121,1993
270,5981
222,3978
235,1976
99,19963
182,5984
112,7994
177,7984
101,3996
162,3987
198,7981
100,3996
301,6
180,9984
197,7981
181,5984
269,5981
223,3977
224,1977
240,9975
140,999
116,5994
386,8052
218,9978
220,7978
134,7991
283,9989
266,7979
443,4087
247,9974
141,599
429,8078
171,1985
299,7999
199,7981
218,3978
177,5984
561,6158
254,7973
175,9985
189,1983
96,79967
220,1978
103,7996
178,3984
126,3992
270,3981
177,5984
202,1981
343,0025
160,7987
494,6118
252,7973
317,201
201,9981
221,9978
180,7984
226,7977
126,5992
181,5984
238,9975
299,3999
200,7981
198,1981
281,1988
209,3979
282,9989
380,6048
199,1981
398,0059
383,405
321,8012
218,5978
367,804
270,7981
79,99992
238,1975
234,1976
348,4029
134,3991
121,7993
441,4085
234,5976
240,3975
97,79965
141,999
159,3987
319,0011
76,99997
315,2008
196,5981
319,4011
222,7977
299,3999
193,1982
221,9978
287,1991
179,1984
139,599
288,3992
234,5976
369,4041
436,0082
283,3989
294,9996
160,7987
299,5999
246,3974
417,2071
561,2158
119,3993
248,3974
103,1996
265,9978
322,4013
293,9995
351,003
139,799
217,3978
250,1973
335,6021
276,3985
319,8011
262,5976
160,1987
253,1973
406,4064
249,7973
332,6019
427,0077
170,7985
284,599
311,8006
180,9984
351,6031
209,7979
192,7982
148,7989
246,1974
211,9979
316,6009
139,999
202,3981
200,5981
284,799
219,9978
179,9984
556,4155
198,7981
331,0018
133,7991
237,7975
285,399
129,7992
350,203
221,5978
198,5981
494,8118
225,1977
177,9984
284,999
178,5984
469,0102
546,8149
162,1987
346,0027
237,1975
279,9987
266,3979
413,0068
222,5977
78,59995
167,9986
282,9989
428,8078
343,6026
188,1983
122,3993
120,5993
136,5991
151,1988
155,9988
232,3976
301
282,9989
235,9975
101,3996
145,9989
359,6035
380,2048
335,8021
195,5982
270,7981
223,5977
83,19987
202,3981
203,198
641,6207
266,7979
268,198
315,6009
217,1978
217,7978
139,399
363,4038
303,2001
200,1981
160,7987
233,3976
259,1974
397,6059
237,1975
295,5996
212,5979
302,2
343,2025
245,1974
288,1992
351,6031
269,9981
353,0031
297,9998
280,9987
296,5997
234,9976
281,5988
305,4002
367,604
335,8021
232,5976
323,4013
229,9976
358,8035
192,1982
331,0018
271,7982
277,7986
426,6076
297,3997
343,4026
334,802
331,6018
201,3981
254,7973
237,9975
505,4124
156,9987
280,9987
476,8107
211,3979
173,9985
222,3978
400,206
315,6009
152,7988
195,3982
286,9991
226,1977
111,9994
262,1976
260,9975
296,9997
254,5973
210,1979
299,7999
233,7976
239,9975
178,1984
192,9982
250,1973
233,9976
317,601
286,3991
109,9995
262,9977
137,999
315,8009
202,5981
215,5979
337,0022
281,7988
271,9982
163,5986
331,4018
414,2069
262,9977
191,9982
197,5981
262,9977
304,4002
178,9984
285,199
285,199
362,8037
237,3975
397,6059
167,5986
346,2027
483,2111
158,1987
120,5993
98,59964
255,1973
335,6021
740,2267
379,2047
412,2068
383,005
310,0005
251,3973
271,9982
361,6037
253,1973
489,6115
369,2041
294,9996
246,1974
363,4038
199,7981
235,3976
232,5976
376,4046
296,1997
296,5997
328,4016
177,1984
266,1978
249,3973
249,9973
530,4139
280,5987
527,8138
454,6093
129,7992
454,8094
445,2088
158,7987
263,9977
282,5988
320,6012
228,1977
160,3987
361,8037
342,8025
427,8077
117,3994
226,3977
305,2002
314,2008
221,9978
354,6032
135,9991
411,0067
343,4026
180,7984
160,5987
287,5992
151,5988
385,4051
342,0025
170,7985
416,807
162,3987
299,7999
470,4103
141,399
339,4023
302,6001
197,5981
299,1999
225,1977
266,5979
332,2019
185,1983
345,6027
312,0006
347,6028
341,2024
378,8047
250,7973
298,9998
251,9973
413,0068
429,0078
441,6086
313,8008
522,0134
250,1973
384,6051
398,6059
651,8214
177,9984
335,4021
382,805
466,8101
131,9991
210,9979
277,9986
501,2122
294,3996
421,8073
437,0083
305,6003
162,7987
376,2046
494,2118
228,9977
336,4021
276,5985
219,1978
312,4007
449,409
280,5987
482,011
446,2088
353,4032
234,3976
292,5995
171,9985
739,8267
229,1976
313,0007
395,6057
283,1989
193,3982
172,5985
310,8006
467,6101
192,3982
304,4002
417,007
268,998
483,4111
182,5984
228,1977
461,0097
531,214
365,8039
446,6089
206,398
468,4102
537,2144
284,1989
466,8101
477,2107
296,3997
492,8117
227,5977
357,8034
448,209
437,8083
288,9992
285,9991
357,6034
333,602
468,8102
461,6098
291,9994
485,0112
407,2065
151,5988
555,0154
465,21
506,8125
335,6021
228,3977
298,1998
322,4013
336,0021
388,8053
359,2035
324,4014
442,2086
255,1973
298,9998
340,8024
500,8122
298,7998
251,5973
725,2258
315,0008
298,3998
326,6015
362,0037
480,8109
300,8
491,4116
440,6085
103,9996
583,8172
280,1987
660,8219
438,2083
427,4077
685,2234
397,4059
533,2141
287,5992
241,9975
313,4007
463,2099
234,7976
471,0103
179,1984
308,8004
371,4043
696,6241
477,2107
566,0161
707,0247
406,8064
494,0117
294,7996
532,4141
136,1991
421,2073
428,6078
532,4141
343,8026
441,6086
310,6006
450,0091
487,2113
209,3979
322,2013
436,2082
617,8193
519,2133
182,5984
444,0087
335,2021
499,4121
516,4131
406,4064
349,2029
458,2096
260,3975
595,2179
409,6066
243,1974
472,4104
496,2119
213,1979
427,8077
234,1976
293,1995
386,2052
276,7985
422,6074
759,2279
604,2184
363,0038
608,0187
467,8102
349,8029
234,7976
562,6159
561,0158
428,0077
571,4164
527,0137
427,4077
295,7997
593,0178
564,016
693,0239
557,0156
458,6096
725,4258
230,5976
772,2287
457,0095
357,2034
309,4005
342,0025
546,8149
440,2085
463,6099
476,0107
389,0053
800,8304
460,8097
470,2103
234,3976
377,2046
576,2167
342,0025
435,0081
711,225
546,4149
290,7993
531,614
550,4152
538,6144
325,8015
451,4091
603,8184
470,8103
130,1992
591,0176
607,2186
530,2139
516,8131
617,4193
818,6315
513,6129
688,8236
480,0109
318,201
288,3992
324,0014
260,7975
186,7983
671,2225
522,2134
396,6058
617,6193
485,4112
285,9991
447,6089
606,8186
474,0105
341,4024
280,7987
545,2148
659,8218
554,6154
567,4162
463,2099
832,0323
473,0105
685,0234
592,0177
376,4046
482,411
487,8114
572,2165
312,2007
652,4214
475,0106
417,6071
390,6054
244,9974
475,2106
489,4115
309,4005
344,8026
558,6157
842,233
436,4082
457,4095
425,6076
330,0017
520,6133
450,0091
580,817
606,8186
455,8094
280,3987
734,8264
513,0129
702,2244
459,2096
526,0137
705,6246
825,832
376,8046
528,2138
905,0368
430,8079
804,8307
455,2094
295,9997
538,0144
484,4112
391,8055
465,21
358,8035
530,0139
247,7974
498,612
577,2168
526,2137
150,1989
826,232
575,2167
516,2131
310,6006
483,0111
365,4039
375,4045
738,4266
292,3994
384,6051
513,0129
567,0162
465,41
619,0193
484,6112
399,006
601,8183
674,4227
470,6103
442,8086
246,3974
372,6043
699,2242
230,5976
499,6121
187,5983
455,8094
581,217
778,4291
518,6132
344,0026
575,4167
429,4078
537,2144
608,6187
658,8218
325,6015
499,2121
420,0072
328,2016
339,0023
573,6166
536,6143
510,6128
411,0067
452,2092
362,2037
290,1993
362,0037
631,8201
830,0322
694,0239
435,6082
527,6138
620,2194
225,7977
799,8304
694,0239
356,6034
578,0168
485,6112
532,014
491,4116
649,4212
363,2038
528,0138
511,8128
327,2016
224,9977
564,416
667,8223
289,9993
583,6172
522,8135
707,4247
206,998
245,7974
448,409
346,8028
505,2124
672,2226
334,402
274,9984
617,6193
360,2036
470,0103
336,4021
338,0022
219,3978
374,6045
427,4077
479,2108
492,6117
537,6144
373,4044
395,6057
349,4029
825,632
260,5975
376,8046
453,0092
506,2125
518,0132
706,6247
454,6093
426,0076
761,8281
559,6157
721,6256
358,0034
360,0036
524,4136
624,0197
407,0064
620,4194
591,4177
926,0381
403,2062
506,4125
489,4115
787,2296
629,02
491,6116
514,0129
645,821
620,2194
518,8132
621,8195
697,0241
433,008
359,2035
463,0099
407,0064
597,618
592,8177
294,5996
465,61
431,808
447,4089
512,6129
332,0019
390,2054
476,0107
291,1994
499,0121
330,6018
473,0105
821,0317
128,1992
731,6262
488,0114
815,4313
700,0243
474,2105
330,6018
445,8088
415,807
639,0206
883,2355
973,641
602,2183
508,0126
460,8097
388,0053
655,0215
362,4037
583,0172
826,032
492,6117
568,8163
531,014
616,6192
562,2159
567,8162
448,809
674,8228
783,8294
915,6375
708,8248
435,2082
653,4214
1051,237
681,0231
594,6179
465,81
469,4102
826,832
562,8159
474,8106
739,6267
640,0206
529,8139
458,2096
711,625
528,0138
426,6076
815,6313
421,6073
801,6305
620,8195
831,8323
306,2003
434,0081
502,0122
738,6266
185,3983
307,6004
462,4098
166,9986
445,4088
437,0083
435,2082
441,6086
565,0161
866,2344
443,2086
577,0168
717,4254
461,4098
406,6064
421,6073
519,6133
515,213
459,2096
688,4236
490,6115
537,8144
555,2155
462,8098
774,0288
579,2169
539,8145
555,4155
477,4107
244,1974
313,4007
859,234
606,0186
710,4249
813,4312
308,0004
485,2112
432,008
530,0139
515,013
525,0136
389,4054
557,8156
393,8056
618,8193
373,6044
449,209
421,8073
597,8181
542,2147
667,6223
486,6113
415,807
206,398
432,408
865,6344
490,8116
173,1985
207,198
527,4138
582,8171
604,8185
439,0084
486,8113
798,2303
582,0171
188,9983
707,6248
575,0167
471,2104
458,2096
342,4025
520,0133
437,0083
485,6112
454,2093
500,4121
263,3977
459,4096
722,6257
468,0102
824,2319
245,3974
645,621
447,8089
423,6075
620,2194
539,8145
450,6091
407,2065
357,2034
603,4184
440,6085
462,8098
437,4083
831,6323
373,4044
528,0138
528,2138
494,0117
293,3995
305,8003
832,2324
1009,443
844,2331
534,6142
498,212
696,2241
547,615
749,0273
340,8024
668,2224
557,4156
358,6035
360,8036
460,2097
309,0005
668,4224
434,6081
692,6238
648,0211
488,0114
398,0059
622,4196
295,3996
499,0121
878,0352
288,3992
514,0129
619,2194
275,3984
617,0192
476,2107
686,2234
897,8364
375,2045
412,8068
683,6233
448,809
492,0116
502,0122
588,6175
578,6169
425,2076
1000,443
346,2027
585,0173
922,8379
971,0408
423,6075
473,2105
496,0119
555,8155
260,5975
911,4372
631,6201
585,0173
526,2137
674,2227
393,4056
491,0116
773,8288
373,6044
604,2184
310,8006
515,013
849,4334
486,6113
504,8124
667,8223
791,0298
719,8255
785,6295
453,6093
502,4123
939,4389
786,4296
622,2195
904,6368
489,6115
577,2168
359,2035
434,2081
566,6161
856,6339
364,8039
526,6137
477,4107
1023,244
799,8304
668,6224
643,4208
682,8232
863,0342
565,8161
437,6083
329,4017
440,2085
604,2184
579,4169
606,0186
513,2129
328,6017
734,0264
320,8012
578,2169
488,4114
568,2162
761,6281
483,6111
778,2291
814,4313
463,2099
563,416
609,6188
405,6064
654,8215
735,6265
769,2285
556,4155
877,2351
391,4055
489,0114
658,2217
611,0189
492,2116
512,6129
658,0217
988,4419
643,4208
578,6169
467,0101
311,8006
371,6043
651,8214
435,0081
446,2088
372,6043
714,4252
580,617
668,4224
476,0107
444,6087
552,6153
364,2038
604,0184
582,0171
432,608
296,1997
538,2144
681,0231
357,8034
406,4064
838,4327
389,4054
631,0201
593,4178
581,017
545,0148
689,0236
434,2081
526,6137
844,6331
243,7974
526,6137
623,0196
567,6162
598,4181
435,6082
484,8112
449,609
475,2106
578,0168
357,8034
624,2197
800,6304
662,222
421,4073
490,6115
408,6065
631,0201
772,6287
334,002
326,4015
736,8265
681,6232
473,0105
436,0082
590,0176
461,4098
512,8129
657,2217
846,6332
493,4117
440,0085
565,8161
537,8144
450,4091
433,8081
654,4215
526,4137
406,6064
516,2131
632,6202
272,7982
961,2402
423,6075
407,6065
993,0422
471,8104
826,632
897,6364
785,8295
576,2167
571,8165
458,8096
452,2092
875,835
518,2132
713,2251
622,4196
1136,417
591,6177
790,0298
448,209
446,6089
931,6384
920,6378
749,2273
527,0137
471,4104
656,6216
866,2344
564,616
705,6246
672,2226
354,8033
592,2177
621,8195
261,5976
477,6107
866,8345
704,0245
774,6288
769,6285
884,0355
695,224
650,0212
358,4035
624,6197
507,0125
666,2222
757,4278
683,4233
845,6332
570,6164
541,4146
628,2199
608,8187
592,4177
933,8386
982,4415
701,0244
569,0163
718,8254
906,8369
474,8106
576,6168
949,6395
570,0164
539,4145
625,6198
669,4224
683,2233
902,4366
544,2148
541,2146
537,6144
905,8369
545,0148
1118,621
551,2152
448,809
604,2184
473,2105
670,6225
609,2188
520,0133
568,8163
856,4338
669,2224
552,2153
501,8122
825,0319
555,0154
603,8184
884,8356
562,6159
601,0182
823,4318
465,81
823,0318
1042,04
959,8401
620,0194
835,8326
877,6351
633,6202
605,2185
525,2136
970,2408
569,8163
277,7986
620,0194
487,8114
948,4395
347,6028
830,8323
605,4185
568,0162
1164,41
592,4177
874,2349
763,6282
658,8218
492,8117
571,6165
785,4295
754,4276
587,8174
990,642
529,0139
802,0305
435,6082
575,8167
538,8145
656,2216
402,8062
972,8409
594,6179
714,0251
608,0187
605,4185
423,4074
886,2357
868,8346
621,0195
435,4082
930,4384
370,0042
525,4136
499,6121
520,8134
421,2073
529,4139
754,4276
720,4255
259,5974
945,6393
691,8238
494,4118
811,2311
497,2119
446,6089
405,8064
338,8023
640,4207
682,0232
544,2148
721,6256
581,217
637,6205
786,8296
501,4122
771,8287
761,028
823,8318
555,4155
422,0074
444,6087
341,4024
564,616
497,612
875,035
798,4303
482,011
513,4129
799,6304
472,0104
718,8254
564,816
538,4144
672,4226
428,6078
338,6023
725,0258
523,4135
473,0105
764,2282
782,8293
1138,416
812,6312
775,6289
260,9975
641,4207
747,6272
905,2368
667,0223
421,2073
534,8142
980,8414
526,4137
503,8123
511,6128
648,4211
437,8083
530,0139
641,8207
1139,616
485,8112
1029,643
727,426
960,0402
618,2193
922,2379
440,0085
843,8331
824,4319
466,8101
834,8325
428,0077
514,213
422,4074
916,0375
438,6084
909,8371
348,4029
512,2128
484,6112
920,4377
461,8098
546,2149
483,2111
603,6184
488,2114
580,017
646,821
582,2171
615,4191
1020,644
851,4335
243,5974
723,6257
570,0164
566,4161
568,8163
233,1976
540,6146
833,4324
380,8048
938,4388
744,427
1179,606
803,2306
395,8058
512,8129
545,4149
721,2256
956,0399
822,2318
419,2072
464,2099
423,8075
866,4344
410,2066
295,3996
339,6023
802,8306
669,2224
502,4123
448,209
1268,984
846,4332
823,2318
556,2155
546,6149
904,4368
355,8033
421,6073
934,4386
427,0077
669,8224
725,8259
557,0156
530,0139
798,6303
634,6203
901,2366
659,2218
667,4223
459,8097
357,2034
1030,842
588,8175
445,4088
410,4066
654,4215
761,428
869,0346
903,2367
374,4044
569,0163
631,4201
549,6151
609,0187
406,6064
554,8154
634,0203
544,4148
556,6155
557,2156
358,8035
327,2016
785,8295
741,0268
683,4233
301
375,8045
406,4064
603,0184
657,4217
814,8313
906,8369
931,6384
711,425
541,2146
839,4328
746,4271
640,0206
591,8177
706,2247
447,0089
692,6238
781,6293
901,2366
581,217
555,2155
570,4164
1180,806
763,6282
778,8291
567,0162
499,0121
1069,233
683,8233
723,2257
799,6304
802,4305
690,0237
656,2216
172,9985
906,0369
499,4121
501,6122
1057,036
273,9983
501,2122
868,4346
881,2354
325,8015
523,8135
533,4141
573,0165
276,3985
813,4312
1040,24
472,0104
379,6048
1603,503
692,2238
435,0081
513,2129
546,2149
740,6268
745,8271
830,8323
610,4188
438,0083
462,6098
771,4286
474,4106
1116,422
540,6146
777,829
1008,243
474,8106
437,0083
826,232
784,4294
877,6351
459,4096
734,0264
753,2275
486,6113
771,6287
610,2188
724,4258
1176,607
1095,827
630,22
488,0114
460,0097
844,8331
671,0225
602,6183
643,0208
681,8232
812,0311
834,6325
649,6212
276,7985
566,8162
850,8335
757,6278
563,616
386,8052
900,8365
509,6127
643,2208
502,4123
1001,843
458,0096
569,2163
643,6208
502,2122
902,0366
913,4373
490,4115
422,6074
866,4344
522,4135
1514,524
686,2234
617,8193
585,6173
854,2337
606,4186
424,4075
617,2192
981,4415
711,225
1117,221
500,6122
686,0234
917,4376
435,4082
518,2132
648,8212
760,028
637,0204
848,4333
490,8116
686,0234
899,8365
670,0225
485,6112
320,4012
723,4257
603,6184
847,4333
466,01
435,2082
915,6375
424,4075
552,2153
553,2153
473,8105
572,0165
442,8086
684,2233
914,6374
1046,239
516,4131
593,6178
812,8312
569,8163
678,423
868,0345
646,021
891,636
856,8339
744,427
932,6385
460,6097
526,0137
298,3998
731,0262
596,218
975,2411
763,8282
908,237
888,0358
535,6143
776,0289
893,8361
776,2289
537,8144
616,4192
411,6067
424,6075
464,2099
674,4227
675,6228
714,8252
754,8276
777,429
843,033
870,8347
912,8373
944,8392
725,6259
830,2322
576,6168
427,2077
913,4373
603,0184
757,6278
747,8272
819,2316
569,0163
881,8354
434,6081
1040,44
683,0233
672,0226
1280,781
707,8248
898,0364
850,8335
799,0303
465,21
405,0063
635,2203
769,8286
644,0209
609,6188
757,8278
904,0367
1009,243
525,6136
857,0339
528,0138
339,4023
984,6417
822,4318
562,4159
763,4282
700,2243
1028,243
799,6304
865,4344
684,0233
620,4194
552,0153
1041,44
778,0291
426,4076
589,2175
981,8415
475,6106
582,4171
723,2257
523,8135
503,0123
825,4319
1030,642
696,8241
1018,044
929,4383
815,2313
422,0074
365,2039
1013,843
723,6257
814,6313
684,0233
854,0337
516,2131
854,4337
465,81
647,8211
613,419
735,8265
612,0189
1002,843
463,6099
850,2335
967,8406
842,833
670,4225
1023,244
759,6279
699,0242
522,0134
452,4092
1083,63
516,2131
655,0215
757,2278
593,6178
446,8089
829,6322
378,2047
753,2275
631,2201
695,624
631,2201
408,0065
476,6107
147,3989
862,0342
720,0255
405,8064
970,4408
1116,022
862,4342
484,4112
850,0334
809,0309
704,2245
857,4339
966,2405
552,0153
802,8306
764,8282
461,0097
737,8266
558,2156
1003,243
892,436
424,4075
709,0248
683,6233
357,4034
847,6333
646,221
694,624
809,0309
777,429
926,6381
697,8242
732,8263
807,0308
973,041
728,626
771,4286
936,4387
568,4163
926,8381
668,6224
1102,025
446,8089
436,8083
170,9985
1104,424
641,8207
440,4085
801,2305
693,0239
515,013
699,0242
499,6121
619,6194
842,433
1220,796
1004,443
936,6387
961,2402
1001,643
862,0342
823,8318
1116,621
564,816
686,4235
1001,643
1252,388
1168,409
572,0165
1070,033
466,2101
841,8329
476,8107
831,2323
916,4375
620,8195
724,6258
1339,367
1090,828
553,0153
707,2247
745,6271
538,2144
409,2066
1008,043
661,2219
473,8105
535,6143
697,6241
788,8297
626,4198
985,8417
922,6379
964,8405
722,0256
631,8201
660,6219
541,0146
918,0376
748,4272
411,0067
519,0132
314,8008
810,231
630,6201
617,2192
866,2344
775,4289
775,4289
629,62
1191,803
726,6259
657,0217
794,23
866,4344
920,6378
609,0187
734,8264
770,8286
722,4257
447,0089
537,0143
410,2066
1032,842
486,6113
549,0151
460,6097
841,8329
1226,395
707,8248
532,014
952,2397
733,6263
604,6185
565,2161
834,6325
610,8188
686,8235
740,0267
1045,439
1127,819
603,0184
940,839
843,433
644,6209
813,2312
603,6184
862,8342
1023,244
1066,234
406,0064
620,6194
1284,58
622,2195
606,4186
503,0123
554,0154
870,4347
761,8281
852,2336
473,6105
836,4326
851,0335
944,0392
799,0303
890,2359
787,2296
523,4135
527,4138
570,4164
710,0249
608,0187
570,6164
937,6388
643,6208
594,2178
1056,036
575,0167
1180,406
764,0282
806,4308
630,8201
680,8231
1003,243
949,6395
1019,644
575,6167
732,0262
640,6207
831,4323
1004,443
812,0311
311,4006
1095,227
531,214
631,4201
984,6417
584,4172
1248,189
622,6196
837,4327
913,0373
570,4164
591,8177
827,4321
868,0345
873,4349
680,2231
889,8359
953,2397
908,037
663,222
705,0246
668,4224
437,4083
1230,394
947,6394
481,811
1153,812
1063,434
556,2155
537,4144
1017,644
466,01
443,0086
929,6383
1064,034
743,2269
816,2314
644,0209
1313,773
856,0338
540,0145
752,4275
985,0417
594,2178
942,4391
836,2326
538,4144
873,0349
695,424
887,8358
577,4168
502,2122
457,2095
621,4195
712,8251
918,6376
952,8397
655,8216
537,0143
1102,625
882,4354
791,8299
474,0105
732,0262
747,8272
725,8259
464,0099
648,6212
596,218
188,3983
662,222
752,0275
503,2123
782,6293
721,0256
1356,563
899,8365
771,6287
784,4294
785,2295
1222,796
716,8253
743,827
482,8111
785,2295
450,2091
908,037
472,8105
686,4235
409,2066
802,0305
1104,824
836,8326
851,6335
840,2328
475,6106
292,1994
812,8312
684,0233
841,4329
899,6365
1030,243
801,2305
607,0186
868,0345
323,2013
748,0272
445,8088
715,0252
958,2401
931,4384
552,0153
645,821
1021,044
573,6166
805,0307
537,6144
1447,341
797,0302
1407,75
847,6333
695,024
853,0336
1010,243
899,2365
728,026
813,8312
604,0184
898,8364
647,8211
820,0316
519,4133
1215,197
659,6218
975,8411
930,2383
829,2322
651,0213
602,0183
897,2363
779,4291
1001,843
845,6332
894,2361
620,2194
656,8217
846,6332
548,6151
1185,805
1014,844
944,4392
556,6155
1220,396
639,2206
658,4218
523,0135
1642,493
848,2333
515,613
933,8386
960,4402
1048,438
565,2161
1059,435
870,2347
774,8289
1025,244
1129,018
396,8058
851,0335
1089,028
577,4168
453,6093
845,2332
548,8151
1002,843
858,834
1069,433
739,8267
917,8376
738,8267
923,6379
601,4183
505,0124
472,6104
296,3997
1097,226
899,6365
713,8251
782,8293
400,206
656,8217
1055,636
920,2377
725,6259
892,8361
824,4319
314,8008
595,4179
1045,839
512,0128
760,628
774,4288
414,4069
524,0135
1031,642
644,0209
584,8173
621,0195
674,4227
475,2106
787,8297
512,2128
513,6129
1140,816
584,6172
595,0179
460,2097
795,2301
918,6376
1035,441
677,8229
617,6193
484,6112
563,416
808,4309
932,0385
1043,239
761,8281
594,0178
749,6273
640,6207
801,6305
968,0406
984,6417
663,6221
921,0378
991,4421
1684,483
801,4305
607,4186
877,2351
858,434
480,0109
773,8288
765,6283
448,609
665,6222
803,2306
887,6357
776,0289
1313,373
893,0361
897,4363
1177,607
1211,598
628,2199
762,8281
669,8224
839,0328
798,2303
1051,837
1219,996
851,8336
680,8231
827,2321
884,0355
945,8393
273,7983
874,6349
933,6385
786,0295
503,2123
360,0036
562,6159
617,0192
683,8233
1213,798
601,8183
609,2188
552,0153
1004,443
914,8374
1069,833
802,4305
409,0066
521,8134
628,2199
736,0265
655,6216
1022,244
570,2164
1238,792
1254,388
1019,044
1009,243
660,8219
1013,443
639,2206
725,4258
786,4296
701,0244
1203
700,8243
893,8361
466,4101
925,038
651,2213
1089,628
696,4241
587,0174
720,0255
1170,408
1036,241
451,8092
807,0308
1095,427
655,4216
542,0146
801,2305
458,0096
603,4184
710,6249
812,8312
1324,771
970,4408
867,8345
641,8207
530,814
860,4341
1134,617
1136,617
1089,228
723,8257
611,0189
727,426
976,0411
1160,411
765,4283
758,2278
596,818
647,6211
882,4354
727,0259
691,8238
1028,843
877,8351
451,0091
504,6124
668,6224
493,6117
486,6113
606,4186
654,4215
492,4117
423,0074
898,4364
860,0341
617,4193
513,0129
517,2131
656,4216
339,2023
475,2106
857,2339
1319,772
326,8015
543,0147
874,835
937,2388
541,8146
537,8144
608,4187
706,4247
709,4249
636,4204
476,4107
294,7996
681,8232
948,2394
462,6098
1340,367
858,634
945,8393
1117,821
692,6238
799,4304
576,4167
734,8264
717,2253
1157,212
557,0156
513,8129
881,2354
757,8278
462,0098
828,0321
970,0408
441,4085
658,2217
726,4259
987,2418
515,413
501,0122
847,4333
792,0299
1003,843
887,8358
391,2055
471,8104
563,416
933,8386
565,8161
920,0377
1037,841
487,8114
1188,404
733,8264
1334,768
657,4217
762,0281
771,6287
954,2398
406,6064
702,2244
965,4405
1022,244
892,036
434,2081
813,2312
581,6171
430,0078
657,2217
847,0333
326,4015
633,0202
1234,193
819,0316
689,2236
433,4081
1025,044
295,3996
1030,243
669,0224
690,6237
576,8168
697,8242
1178,006
660,6219
461,2097
727,0259
875,035
857,0339
682,2232
634,0203
1081,63
835,0325
925,238
435,6082
630,02
1242,991
426,6076
754,2276
564,416
676,2228
727,0259
542,2147
953,4398
848,4333
971,4409
934,6386
680,8231
813,2312
984,2416
566,0161
758,0278
438,6084
419,4072
1136,217
855,0338
720,0255
602,8184
663,022
322,6013
1072,432
1059,435
858,2339
976,2411
970,0408
557,6156
373,0044
870,2347
670,4225
584,4172
559,0157
1111,623
1023,444
1080,83
573,0165
933,8386
768,4285
558,8157
895,4362
680,0231
816,8314
480,6109
345,8027
1030,842
381,4049
648,0211
947,6394
708,8248
328,0016
658,6218
893,2361
861,8342
558,0156
1083,829
559,8157
758,8279
1028,043
1123,02
1126,619
855,6338
733,8264
831,2323
872,0348
797,0302
345,6027
780,0292
346,4027
1047,838
958,04
591,6177
727,0259
710,4249
805,6307
1102,225
507,8126
536,6143
422,4074
558,0156
685,6234
511,2128
830,8323
923,6379
643,4208
694,824
1191,803
499,6121
722,2256
981,6415
564,416
434,2081
1153,812
858,0339
715,8253
607,6187
883,4355
886,0356
579,0169
685,6234
801,4305
1356,563
489,6115
893,0361
700,2243
776,2289
602,8184
897,0363
1066,234
514,0129
544,2148
852,0336
954,0398
629,22
779,6292
423,8075
736,8265
580,217
1127,019
927,6382
662,822
866,8345
771,0286
653,4214
603,6184
842,633
587,8174
466,8101
516,2131
642,2208
673,0226
438,8084
577,0168
1276,382
342,0025
846,6332
631,8201
654,6215
247,3974
488,6114
814,4313
514,213
825,832
571,0164
643,0208
992,4421
405,8064
972,2409
791,2299
323,4013
812,8312
698,6242
870,4347
834,4325
830,0322
499,4121
478,8108
811,2311
673,0226
1033,842
942,2391
1394,154
533,0141
1091,828
709,2249
376,8046
519,4133
668,6224
1035,041
1017,444
972,2409
942,2391
976,8412
425,2076
581,6171
513,0129
995,6423
610,2188
971,6409
558,2156
634,2203
838,6328
803,8306
997,6425
662,222
463,0099
499,8121
378,4047
807,6309
446,4088
670,8225
767,6284
668,4224
617,6193
501,2122
542,6147
813,0312
707,6248
894,4362
866,6345
469,6103
699,8243
722,2256
508,4126
630,8201
746,6271
706,4247
392,8056
736,8265
504,4124
784,4294
590,4176
653,4214
659,6218
615,8192
669,6224
1037,841
461,0097
668,6224
422,0074
921,6378
1458,938
706,8247
670,4225
1351,364
878,2352
632,2202
663,8221
898,2364
563,616
836,0326
658,2217
682,6232
584,0172
605,8185
474,2105
674,8228
599,8182
566,6161
907,2369
603,6184
1013,443
486,6113
748,2272
831,6323
1008,443
930,8384
812,2311
625,4197
776,2289
698,4242
949,0395
684,0233
795,6301
654,6215
440,6085
699,0242
409,6066
233,7976
909,4371
594,4178
596,218
864,6343
761,428
539,2145
1173,807
324,8014
934,0386
687,6235
555,8155
828,2321
1133,217
1138,216
887,2357
925,6381
883,4355
612,2189
837,4327
447,6089
945,6393
946,6393
912,0372
1018,044
666,4222
622,4196
675,4228
578,4169
1194,203
409,2066
675,4228
478,0108
662,022
938,4388
465,41
569,6163
1143,815
1006,843
724,0258
787,2296
617,4193
910,6371
867,2345
1107,424
447,8089
918,4376
517,8132
920,4377
491,4116
918,8376
887,4357
788,2297
698,2242
841,4329
409,4066
420,4073
479,4109
776,429
681,4232
782,6293
358,0034
545,2148
501,4122
844,0331
1314,373
820,4316
784,8295
473,8105
940,0389
621,8195
626,6198
940,239
888,2358
1014,043
875,835
550,4152
542,6147
970,0408
970,2408
654,0215
467,2101
949,6395
700,6243
1047,838
547,815
676,6229
804,8307
1060,835
436,2082
313,2007
992,0421
850,4335
818,0315
510,6128
908,837
704,0245
784,0294
1029,643
687,6235
845,8332
489,4115
687,8235
1069,233
607,8187
1136,417
791,2299
326,2015
477,6107
870,4347
631,8201
521,2134
971,0408
921,2378
887,6357
873,8349
1033,842
557,4156
895,4362
437,4083
833,4324
837,0327
1135,817
1256,987
1011,243
1080,83
681,8232
762,2281
477,6107
603,2184
650,6213
510,2127
750,6274
478,8108
436,8083
517,0131
357,6034
837,6327
653,6215
1004,043
615,0191
867,8345
471,8104
1308,175
1073,232
775,4289
916,6375
856,6339
860,2341
762,2281
927,4382
738,6266
900,8365
356,4034
965,8405
962,8403
861,8342
630,6201
930,2383
880,2353
1104,224
897,0363
1080,43
1165,809
570,6164
942,2391
914,2374
451,4091
934,6386
761,028
830,2322
828,2321
437,4083
843,6331
327,2016
914,2374
890,2359
834,0325
869,8347
765,6283
811,0311
1113,622
802,2305
635,2203
1389,555
700,6243
647,2211
562,4159
952,2397
649,2212
566,0161
460,4097
510,6128
708,2248
899,2365
867,2345
763,2281
923,838
447,8089
702,0244
1060,635
670,0225
1205
518,6132
518,8132
778,6291
615,0191
991,8421
565,0161
670,2225
864,6343
765,4283
732,8263
1117,221
462,4098
752,2275
750,2274
895,4362
862,0342
826,232
994,2422
804,6307
886,8357
459,2096
1020,644
1082,03
454,0093
932,0385
1189,404
787,2296
1038,441
1537,119
1014,643
1206,4
1229,194
1066,634
729,4261
541,2146
1000,043
895,6362
743,827
879,8353
831,6323
842,233
827,2321
439,6084
700,0243
738,6266
548,6151
882,0354
502,6123
309,6005
835,2325
1048,238
511,2128
618,4193
501,2122
819,4316
773,2288
596,618
672,0226
1027,243
952,2397
905,8369
575,8167
630,42
636,8204
436,8083
653,0214
441,4085
1044,239
1271,984
502,2122
1224,995
452,0092
848,2333
627,8199
774,6288
1146,214
543,0147
824,6319
868,2346
753,6276
675,8228
941,039
802,0305
692,8239
532,6141
713,4251
799,2303
604,0184
604,0184
586,6174
948,2394
793,23
666,8223
487,0113
544,6148
696,8241
796,0302
1057,036
636,2204
475,2106
423,2074
1161,211
642,6208
939,8389
1012,643
617,6193
1007,843
722,8257
748,2272
681,8232
902,2366
951,6396
969,6407
916,8375
532,014
973,041
298,7998
1086,229
909,037
896,8363
435,8082
734,0264
650,2213
1179,206
546,0149
307,6004
688,6236
865,2344
862,0342
618,6193
693,8239
547,415
831,2323
405,2063
628,2199
1145,015
723,8257
929,0383
876,035
489,4115
822,8318
954,0398
357,8034
525,2136
783,6294
518,0132
764,8282
777,029
556,8156
871,4348
837,6327
782,8293
803,0306
679,8231
998,4425
471,8104
487,6114
825,0319
552,4153
685,4234
823,0318
917,0375
791,6299
679,623
869,6346
1214,198
642,2208
1048,438
944,2392
802,4305
684,8234
981,4415
935,2386
839,6328
1419,547
426,2076
887,2357
846,6332
1008,043
1174,807
687,6235
663,022
909,2371
897,6364
530,814
860,4341
580,817
837,6327
565,2161
1274,583
861,8342
446,8089
1019,444
500,4121
449,409
575,8167
919,2377
747,0272
935,8387
959,8401
829,2322
1258,587
1058,236
1174,007
1034,042
526,4137
648,8212
1625,097
590,2176
937,4388
455,2094
1052,637
610,0188
1168,809
900,4365
539,0145
458,6096
579,0169
934,8386
1016,244
822,2318
501,8122
563,816
436,2082
947,0394
896,0363
1406,551
990,642
682,2232
796,2302
751,0274
624,4197
791,4299
643,0208
777,229
721,4256
567,2162
885,8356
872,0348
486,2113
579,6169
615,2191
1017,444
1226,195
938,2388
980,2414
751,6274
325,6015
1236,192
1127,219
562,0159
957,24
523,2135
502,0122
815,6313
648,4211
1064,834
819,4316
724,8258
875,635
851,0335
831,6323
737,0266
670,8225
870,2347
451,2091
941,239
939,4389
1015,644
571,0164
623,0196
842,233
925,038
646,621
576,4167
578,4169
656,2216
861,2341
616,6192
809,631
985,8417
671,8226
1173,608
496,0119
847,8333
861,8342
960,0402
1201,401
906,8369
467,6101
514,213
515,613
579,2169
566,0161
849,2334
605,2185
867,8345
1071,233
758,6279
1019,244
473,4105
998,6425
928,0382
713,4251
990,242
648,4211
766,6284
628,2199
502,6123
1219,196
871,0347
918,8376
716,2253
614,8191
1053,837
556,2155
914,8374
751,2274
1039,24
568,8163
715,0252
632,2202
1022,044
1060,235
474,4106
519,2133
616,8192
681,0231
1000,443
636,0204
835,0325
1116,821
898,2364
1060,635
923,6379
996,0424
537,4144
884,8356
564,616
478,6108
671,4225
805,0307
929,4383
840,6329
669,0224
1047,638
1051,837
765,4283
859,234
696,2241
938,8389
1463,137
596,218
1056,236
530,2139
616,6192
627,2198
776,0289
964,4404
1186,005
851,2335
850,8335
659,8218
501,4122
1013,443
1221,996
988,2419
928,6382
939,2389
937,0388
779,8292
954,2398
728,426
805,8307
866,0344
578,8169
949,8395
643,6208
1146,414
635,2203
739,0267
1180,806
1008,443
639,2206
648,0211
866,0344
1030,043
1310,174
508,0126
771,4286
841,4329
825,832
1134,217
936,0387
571,0164
1170,808
856,6339
1111,223
619,4194
989,442
775,2289
997,8425
561,0158
1044,039
890,2359
1392,754
633,2202
983,8416
841,4329
594,4178
935,4387
1474,334
737,0266
490,2115
740,8268
1078,031
411,8067
1214,198
902,4366
671,6226
311,2006
671,6226
526,2137
943,6392
494,0117
785,6295
278,3986
1044,439
1194,003
789,8298
798,6303
920,8378
973,241
491,0116
752,6275
957,84
948,6395
566,0161
765,0283
553,6154
418,6071
1046,839
1498,128
1226,795
541,2146
1143,015
1001,843
462,4098
648,2211
843,433
898,4364
951,2396
836,2326
1137,416
1168,009
528,4138
1086,629
779,2291
563,0159
1003,643
945,4393
737,2266
851,4335
987,0418
700,2243
802,4305
1007,843
922,0378
1419,348
548,415
589,0175
694,824
1033,042
939,2389
623,4196
692,6238
812,4312
961,6403
923,838
603,4184
619,4194
1376,758
868,8346
843,8331
667,8223
1183,805
813,4312
654,8215
686,8235
1004,443
1038,041
994,4423
462,6098
791,4299
789,0297
705,8246
1047,438
935,2386
859,434
913,0373
390,0054
531,014
1079,63
864,0343
450,0091
472,4104
1018,244
761,428
519,6133
712,6251
920,0377
788,8297
802,0305
994,4423
475,4106
988,6419
1283,781
671,4225
461,2097
810,031
1074,632
886,2357
424,6075
812,4312
867,8345
635,2203
990,242
956,2399
1061,235
761,228
982,0415
701,2244
641,0207
697,0241
454,8094
1000,843
523,8135
1060,235
935,0386
641,4207
627,4199
666,4222
462,0098
1012,043
756,6277
826,032
1111,023
790,2298
551,8152
869,8347
612,819
608,4187
1024,644
362,6037
529,0139
828,2321
896,8363
715,2252
530,2139
1085,829
514,813
541,6146
558,8157
740,4268
713,6251
474,0105
880,2353
560,6158
715,4252
856,4338
673,2227
1005,643
435,2082
718,4254
503,2123
733,0263
737,4266
1068,433
1094,027
990,642
753,4276
555,4155
1105,024
526,0137
858,634
629,42
571,2164
708,0248
1055,236
779,2291
950,8396
539,2145
684,6234
1129,018
980,4414
964,8405
816,6314
925,6381
593,2178
604,2184
751,8275
707,4247
902,4366
1092,027
752,2275
633,4202
1053,237
892,236
944,4392
389,2054
1016,644
1044,639
737,0266
490,2115
837,2327
921,0378
649,6212
866,4344
833,6324
1343,766
635,0203
568,0162
1070,433
1003,843
449,409
1205,4
1014,844
996,6424
868,8346
928,0382
966,8406
747,8272
621,2195
596,218
933,6385
1461,337
1308,375
543,2147
680,4231
501,8122
991,4421
912,8373
292,9995
723,2257
839,2328
1035,241
878,6352
1064,434
824,2319
624,2197
1142,815
848,4333
1066,434
669,6224
1257,387
889,8359
507,8126
974,6411
473,0105
611,8189
721,0256
654,4215
1164,21
628,2199
840,2328
1002,443
1019,244
551,6152
801,8305
1029,043
938,0388
482,6111
644,8209
695,024
721,8256
792,2299
622,8196
882,6354
699,8243
633,2202
599,2181
688,6236
654,0215
628,6199
941,8391
694,424
789,8298
822,8318
888,2358
708,2248
886,0356
447,0089
555,6155
660,0219
888,6358
721,8256
835,8326
747,0272
558,0156
726,4259
670,8225
474,4106
1077,031
815,4313
694,0239
736,4265
710,4249
897,2363
798,8303
579,2169
909,2371
731,4262
1135,417
827,032
812,6312
975,8411
767,8284
606,6186
682,8232
1064,034
1110,623
992,4421
1075,831
852,0336
904,6368
1380,957
764,8282
466,4101
762,6281
798,0303
986,4418
737,2266
937,4388
839,2328
893,6361
1089,628
792,4299
1132,818
739,0267
876,8351
827,032
507,6126
926,6381
870,2347
465,81
867,0345
637,2205
751,6274
632,2202
746,4271
689,2236
662,422
724,4258
719,4255
541,4146
606,0186
680,8231
1151,013
1221,596
537,4144
526,4137
877,4351
747,4272
1084,829
1072,232
887,2357
839,6328
1066,234
815,8314
1128,619
410,2066
1033,042
1212,998
709,2249
1084,629
893,8361
1276,782
1353,764
919,6377
672,4226
1139,416
733,6263
1007,043
1059,635
630,6201
843,033
605,8185
772,2287
1367,36
1029,843
455,0094
1069,433
655,4216
598,6181
875,035
1315,573
761,6281
502,0122
635,8204
864,0343
782,4293
656,8217
876,4351
1234,193
811,4311
788,2297
1040,24
1081,63
557,4156
722,6257
773,4288
749,6273
1273,183
1057,236
1043,039
1094,027
828,4321
916,2375
663,022
560,4158
525,8137
775,6289
532,2141
921,0378
800,8304
1287,38
740,6268
453,0092
902,0366
892,436
1007,643
565,0161
1009,843
502,4123
899,8365
560,6158
748,8273
516,8131
714,4252
1012,843
582,0171
861,0341
1578,109
1091,028
791,0298
866,8345
1671,486
776,829
1007,443
455,0094
812,6312
973,641
734,0264
935,8387
918,2376
835,4326
1007,843
994,4423
1021,244
874,835
619,6194
1210,199
610,8188
924,038
467,8102
860,8341
1255,987
971,6409
753,0275
892,236
505,2124
785,0295
466,6101
803,2306
842,833
722,4257
596,618
928,2382
733,2263
878,8352
640,6207
732,8263
964,0404
835,8326
609,8188
1112,622
693,8239
564,216
876,4351
634,8203
843,8331
602,2183
438,0083
476,8107
1057,836
577,8168
1055,436
873,2349
1209,399
425,0075
511,4128
978,0413
1595,904
1317,372
779,4291
906,2369
450,6091
929,4383
840,6329
956,4399
669,0224
1413,149
800,0304
1117,621
423,6075
825,2319
661,822
821,2317
973,641
594,6179
861,2341
603,6184
1061,435
968,4407
1019,044
1049,838
487,8114
904,2368
630,22
938,6389
700,4243
1409,35
840,0328
424,0075
870,0347
1058,036
771,4286
1148,214
1287,98
1027,443
537,8144
657,6217
553,6154
679,023
877,4351
310,8006
640,6207
752,0275
922,4379
1006,243
782,4293
914,2374
1087,828
1025,644
503,4123
901,0366
718,4254
793,83
1006,443
942,0391
1170,008
643,4208
870,8347
1070,233
707,4247
942,4391
617,4193
1375,958
452,4092
688,8236
1017,444
1163,21
646,021
840,8329
848,2333
482,8111
1058,436
787,6296
861,0341
980,0414
601,2183
393,4056
669,8224
859,034
960,8402
831,0323
1099,826
593,2178
834,2325
843,233
884,6356
378,6047
666,4222
1082,23
1493,529
687,0235
937,4388
542,8147
816,8314
776,429
918,2376
686,8235
1019,444
412,2068
834,4325
672,4226
948,2394
460,4097
869,4346
462,2098
558,6157
458,0096
1021,244
866,0344
879,4352
662,022
1148,214
1433,144
921,4378
749,0273
491,0116
1068,433
1159,611
775,6289
607,8187
883,8355
437,2083
1070,433
311,2006
827,032
905,8369
410,4066
1130,218
815,6313
1424,946
939,8389
722,6257
1015,044
813,0312
875,035
863,0342
1084,429
558,6157
529,0139
1267,185
466,6101
468,4102
1086,829
1076,831
888,4358
1097,626
914,2374
577,4168
644,6209
541,6146
627,0198
1271,384
537,8144
772,4287
985,4417
637,6205
1002,243
500,6122
988,2419
751,2274
629,82
434,6081
892,036
728,626
1197,002
1830,447
430,8079
842,433
951,4396
1063,434
645,2209
556,4155
1087,429
642,6208
710,2249
539,2145
879,8353
1227,594
721,0256
672,4226
1200,201
721,2256
557,4156
1112,422
1255,388
1134,217
925,6381
1315,773
1513,924
752,4275
947,8394
907,637
845,8332
1010,043
960,8402
1124,62
667,0223
1057,836
891,436
634,8203
584,6172
722,0256
1173,807
836,8326
981,2415
999,0425
623,8196
838,8328
1240,791
1013,843
1299,977
452,2092
824,6319
802,4305
1142,615
913,2373
743,827
1094,827
1218,197
556,0155
1060,635
800,6304
1122,02
1102,425
852,2336
930,4384
670,8225
941,239
890,2359
871,6348
1175,407
876,8351
848,8334
886,8357
508,6126
1174,807
1035,041
1090,628
636,2204
1029,043
556,0155
542,0146
427,0077
977,6412
1388,355
557,8156
816,0314
1087,229
801,4305
659,2218
984,4417
459,2096
279,7987
963,2404
983,6416
873,8349
1354,163
868,2346
542,0146
1141,615
1023,244
1172,408
1116,422
853,2336
723,6257
986,8418
702,4244
440,4085
608,6187
746,2271
777,429
1016,844
558,4156
1090,028
374,4044
736,2265
672,0226
604,0184
499,4121
529,0139
722,2256
1236,992
875,435
791,2299
678,623
772,0287
403,6062
912,8373
932,8385
620,4194
577,8168
1083,03
893,6361
750,2274
708,0248
692,2238
275,3984
811,6311
991,6421
862,8342
847,2333
1169,808
892,636
1201,801
825,2319
1019,644
573,8166
276,5985
1030,443
570,2164
624,8197
780,2292
1109,023
760,428
763,0281
725,8259
951,0396
882,4354
1151,813
547,415
557,4156
987,8419
967,6406
914,8374
876,235
734,0264
997,4424
769,0285
1158,011
738,8267
923,6379
563,2159
723,2257
656,4216
1105,624
669,2224
1078,231
1216,197
1108,623
967,2406
595,0179
552,4153
564,616
1208,399
1642,093
533,8141
356,0033
882,2354
464,0099
921,0378
1286,38
533,0141
861,8342
952,8397
455,0094
531,614
1152,413
845,2332
667,0223
1187,404
928,4382
406,8064
855,2338
487,2113
1190,203
818,2315
578,4169
931,2384
988,8419
807,6309
937,0388
675,0228
991,8421
512,6129
543,4147
941,039
707,4247
987,6418
733,2263
649,8212
329,8017
408,2065
564,216
1007,843
883,6355
683,8233
760,828
562,0159
1001,843
791,6299
682,0232
842,433
1331,569
1101,025
668,4224
912,2372
586,6174
1063,634
844,4331
881,4354
838,2327
846,8333
333,4019
1201,001
622,6196
707,6248
956,2399
689,2236
898,2364
603,8184
903,8367
835,8326
1128,619
1384,956
1313,973
555,8155
800,0304
1026,044
670,0225
313,4007
313,0007
1126,619
746,2271
577,2168
1096,226
839,6328
898,2364
697,2241
634,2203
809,631
754,0276
566,2161
874,0349
714,2252
977,4412
670,0225
873,6349
891,636
706,6247
670,2225
800,6304
1207,999
1107,024
447,4089
595,2179
975,0411
1075,432
593,8178
877,4351
893,6361
845,0331
939,8389
1136,417
986,8418
667,0223
568,2162
834,8325
687,8235
463,6099
1277,782
608,4187
572,4165
836,6326
703,8245
861,4341
857,8339
512,6129
870,4347
1024,644
1040,44
895,6362
1100,026
1044,439
1048,238
817,8315
695,224
1071,033
926,2381
902,6367
968,4407
840,6329
590,0176
772,6287
751,6274
814,4313
713,8251
885,8356
1080,43
699,0242
461,6098
617,4193
697,6241
1391,354
1394,354
942,0391
1039,24
810,031
545,4149
798,6303
552,8153
1105,424
478,4108
733,6263
427,2077
727,0259
1001,043
1087,629
854,8337
811,2311
878,0352
878,2352
721,2256
931,4384
695,824
856,2338
1089,228
555,6155
711,425
704,4246
863,0342
1095,227
852,4336
396,4058
622,6196
976,6412
1411,949
748,4272
737,6266
1291,379
1177,007
669,4224
984,0416
860,8341
1202,6
487,8114
998,0425
839,8328
643,8209
831,6323
1053,637
848,4333
928,0382
882,4354
1092,227
894,8362
656,4216
347,2028
1081,03
1025,444
701,6244
1080,63
1019,844
1090,428
1099,026
713,2251
943,0391
728,626
1013,843
762,8281
889,6359
845,8332
861,4341
753,2275
1271,584
845,4332
819,0316
527,6138
771,2286
1194,003
979,6414
1008,043
1812,651
616,0192
893,8361
898,0364
766,8284
747,2272
1034,242
442,0086
361,6037
408,0065
1390,355
1170,408
504,0124
974,241
554,0154
578,0168
971,2408
585,6173
681,6232
1309,774
679,8231
1128,019
706,8247
964,0404
1003,443
681,0231
1073,432
597,218
916,4375
872,6348
622,8196
963,6404
1001,443
701,8244
596,818
824,8319
944,0392
876,235
265,3978
1110,223
1021,644
886,2357
764,8282
923,0379
1236,792
909,8371
700,4243
919,6377
1330,369
976,8412
712,425
570,6164
777,429
753,2275
1091,428
580,617
890,8359
900,4365
989,642
976,4412
1295,178
1004,843
837,0327
774,2288
830,6323
1239,991
1016,244
657,4217
673,4227
446,2088
662,822
556,2155
917,8376
1059,435
1134,217
909,8371
775,2289
1133,417
823,6318
908,837
796,4302
827,8321
465,21
834,0325
890,8359
1023,844
1097,026
848,8334
660,4219
967,8406
608,0187
804,4307
1527,521
1319,372
1142,215
720,6255
778,4291
767,2284
1262,786
750,0273
1143,815
739,8267
770,4286
1080,83
936,8387
643,6208
761,428
745,6271
439,0084
1380,157
1195,402
861,6342
604,4185
787,4296
816,8314
504,8124
696,8241
1054,437
1143,815
859,634
1262,786
980,2414
944,6392
1312,374
1044,039
1196,802
685,8234
622,4196
1033,242
1042,839
672,6226
377,8047
1250,589
919,6377
1276,382
839,6328
997,2424
501,0122
1532,52
868,0345
364,4038
961,0402
558,0156
1183,605
699,0242
1079,63
862,6342
396,2058
735,8265
516,6131
740,8268
919,0377
642,8208
558,2156
748,2272
1139,216
933,8386
527,4138
1388,755
459,6096
602,6183
944,4392
851,6335
844,8331
752,6275
844,4331
1004,443
1116,621
773,2288
1147,214
995,0423
748,2272
882,4354
501,2122
546,6149
810,631
956,0399
632,6202
799,6304
754,2276
1133,217
687,4235
966,0405
1092,827
917,6376
887,0357
969,4407
960,2402
680,8231
537,6144
752,0275
760,828
957,04
847,0333
513,8129
995,0423
859,634
1128,619
773,4288
1102,825
1132,818
400,406
948,8395
499,4121
1161,211
740,8268
866,2344
811,6311
676,4229
784,6295
843,433
539,4145
611,2189
973,441
747,6272
878,4352
1098,426
1123,62
1124,22
1016,844
487,2113
611,2189
990,442
827,4321
925,438
1044,239
748,0272
604,6185
903,4367
1413,749
859,234
922,4379
696,6241
882,6354
783,6294
956,0399
847,6333
864,2343
497,612
587,2174
577,0168
725,2258
728,626
531,214
1033,842
837,8327
426,8076
473,8105
988,0419
921,0378
811,2311
739,4267
422,0074
875,435
722,8257
583,6172
851,2335
844,2331
968,6407
836,4326
591,2177
721,0256
381,2049
935,4387
1233,993
1018,044
583,8172
662,222
835,8326
639,0206
675,0228
862,0342
874,835
478,0108
839,6328
1616,099
1169,808
1339,967
825,832
1309,774
971,8409
565,4161
1016,444
1108,224
975,6411
1100,825
662,622
768,6285
1082,03
621,4195
1116,621
992,2421
893,4361
792,2299
856,8339
724,2258
935,2386
776,0289
1340,367
500,2121
830,4323
609,8188
1194,402
836,6326
838,0327
885,6356
975,2411
910,2371
793,03
867,0345
859,434
876,6351
621,6195
725,6259
864,4343
971,6409
868,6346
726,8259
1314,173
894,6362
872,6348
874,0349
650,4213
1135,417
836,6326
917,6376
607,6187
895,2362
557,0156
1006,243
1180,806
611,4189
1095,827
483,8111
729,6261
901,8366
966,2405
838,0327
573,2166
883,2355
969,8408
1102,825
892,236
777,029
712,6251
849,6334
1072,232
954,2398
820,8317
861,4341
799,0303
913,6373
961,6403
489,0114
935,2386
453,2093
1016,844
1256,987
440,2085
852,6336
988,0419
682,4232
709,0248
965,6405
742,0269
791,2299
862,4342
1087,429
881,4354
463,2099
980,6414
1171,408
1185,405
824,2319
674,4227
842,633
799,4304
996,4424
516,6131
775,4289
598,2181
1281,181
628,4199
697,6241
870,6347
967,8406
748,2272
884,0355
650,2213
845,8332
542,0146
1188,804
1026,443
620,0194
1200,201
1837,645
447,4089
956,2399
540,2145
877,2351
1231,993
530,4139
986,2418
686,4235
827,8321
465,61
960,8402
740,8268
1179,606
930,2383
1072,632
618,6193
909,6371
1091,828
1249,589
667,0223
1290,779
719,4255
1142,015
607,8187
1116,621
590,4176
711,025
1049,438
456,0094
751,6274
913,8373
858,2339
1530,92
834,0325
406,2064
893,6361
1012,443
1013,443
1294,578
892,236
1229,394
1141,815
864,0343
903,8367
439,2084
915,6375
889,8359
918,2376
646,021
841,0329
945,6393
431,808
893,4361
607,4186
790,4298
1318,572
699,8243
868,8346
578,6169
930,4384
988,0419
413,2068
839,8328
537,2144
772,0287
997,2424
857,2339
832,4324
931,4384
581,217
769,2285
1256,387
982,4415
634,8203
1235,792
420,0072
622,6196
1049,238
859,834
678,0229
540,8146
471,0103
501,0122
943,2391
1205,4
830,6323
715,2252
854,0337
542,4147
936,0387
941,8391
825,832
1059,635
769,4285
1045,639
599,0181
841,4329
1140,416
844,4331
746,2271
985,8417
714,4252
997,6425
439,2084
698,0242
618,8193
1068,833
449,8091
565,0161
1004,043
833,4324
541,4146
826,632
782,4293
656,0216
800,0304
589,4175
819,2316
889,6359
1225,595
912,6373
513,4129
684,8234
992,2421
902,8367
765,2283
524,2136
921,4378
582,8171
474,4106
847,2333
650,0212
751,8275
128,1992
655,2216
488,0114
1207,199
948,0394
857,0339
1088,628
1004,243
809,0309
1213,198
823,8318
735,4265
962,2403
726,2259
864,2343
1104,824
458,6096
528,6138
505,6125
888,2358
853,0336
1029,043
511,2128
758,6279
801,0305
565,0161
761,8281
505,6125
1264,185
774,6288
901,0366
531,414
762,4281
229,7976
1225,595
672,4226
474,0105
622,0195
1025,844
654,6215
951,4396
1087,029
537,4144
966,0405
874,0349
888,6358
541,6146
363,4038
655,4216
926,0381
643,0208
618,0193
911,2372
940,0389
872,2348
1044,639
898,2364
864,6343
1022,444
1110,223
985,8417
974,441
632,2202
982,2415
585,0173
740,2267
766,8284
752,2275
568,8163
841,2329
890,6359
1013,043
1104,824
912,0372
851,8336
1195,002
877,4351
830,8323
884,6356
530,614
845,0331
491,6116
895,0362
603,2184
784,2294
865,0344
1019,444
660,8219
941,439
491,4116
759,2279
654,6215
569,8163
642,6208
1031,042
419,4072
695,024
788,4297
328,2016
1147,614
1063,434
1277,382
707,6248
595,4179
992,4421
707,8248
481,611
1035,041
827,6321
778,6291
877,8351
1291,979
579,4169
751,2274
1090,628
726,6259
649,8212
660,8219
562,6159
770,4286
1003,843
449,8091
623,4196
825,4319
449,609
277,9986
1128,219
435,2082
622,6196
1106,024
825,0319
697,0241
825,4319
618,4193
765,2283
1025,844
777,429
896,4363
1305,375
1048,038
683,8233
1147,214
659,8218
842,233
658,4218
684,0233
963,8404
918,6376
880,6353
1188,804
874,6349
1105,424
805,2307
937,0388
814,2313
818,6315
1131,218
1210,798
852,0336
1045,839
952,4397
1146,214
1014,844
831,2323
957,84
840,0328
1033,242
865,6344
1148,814
1037,841
586,4174
966,0405
1065,234
870,2347
966,4406
910,8372
765,2283
870,8347
762,8281
936,0387
670,6225
891,236
878,8352
1012,243
820,8317
735,4265
873,0349
749,6273
750,0273
849,6334
1184,405
575,2167
715,6252
1014,443
988,6419
1196,402
327,8016
888,2358
659,8218
603,4184
841,6329
821,8317
699,8243
923,4379
1015,244
882,8354
1020,644
950,4396
1062,035
666,8223
1123,62
931,4384
1020,444
720,4255
516,0131
842,433
547,215
453,4093
900,4365
530,2139
805,4307
912,8373
752,6275
960,6402
737,4266
840,4329
802,2305
945,0392
855,2338
1050,838
1224,995
461,4098
1013,643
1028,643
683,2233
940,0389
788,8297
1385,756
1038,641
465,61
517,4131
819,4316
1111,623
658,2217
942,0391
761,428
632,2202
1120,62
433,4081
1047,038
835,4326
784,4294
329,4017
848,4333
780,4292
1079,231
867,0345
763,0281
745,8271
899,6365
912,6373
734,4264
832,0323
888,0358
492,0116
1049,638
857,8339
1176,007
912,6373
697,2241
593,6178
864,6343
698,6242
555,4155
479,8109
805,6307
466,2101
834,2325
745,8271
921,8378
757,6278
1115,622
564,416
551,4152
698,4242
644,2209
559,2157
678,623
988,2419
960,6402
1083,63
707,2247
657,6217
830,4323
964,4404
836,0326
1133,617
960,4402
964,2404
449,409
1123,82
611,2189
815,8314
995,8423
713,2251
544,0148
881,6354
891,636
880,4353
468,4102
721,8256
718,6254
822,8318
455,6094
1151,813
1692,881
787,6296
1158,611
531,214
1080,83
893,6361
992,4421
582,8171
1094,227
1247,19
610,4188
966,4406
444,2087
914,2374
1070,233
515,813
480,0109
1501,527
840,2328
1055,436
603,6184
440,6085
802,8306
903,6367
630,02
429,2078
1033,642
899,2365
635,8204
967,0406
924,838
942,2391
487,8114
513,0129
600,6182
649,4212
898,4364
421,4073
1184,805
1150,213
1037,841
630,42
556,0155
898,2364
861,4341
500,2121
465,01
477,4107
625,0197
1056,436
996,0424
568,6163
618,2193
1402,352
1028,843
783,8294
786,6296
207,798
556,8156
647,4211
1152,613
536,4143
990,842
1000,643
605,2185
857,0339
524,8136
919,6377
896,2363
886,6357
1216,397
619,2194
781,6293
630,02
659,8218
1053,837
848,2333
467,2101
493,8117
858,834
878,2352
763,8282
572,4165
986,6418
511,8128
800,2304
390,8055
693,6239
595,6179
936,6387
791,6299
1187,804
948,0394
500,2121
1254,388
746,8271
589,2175
583,0172
872,8348
819,0316
667,2223
878,2352
438,6084
746,4271
505,8125
527,4138
572,6165
1584,707
1016,044
683,0233
1286,98
1473,934
1242,991
884,4355
737,2266
783,6294
391,8055
516,8131
749,2273
735,0264
293,7995
1029,443
672,4226
601,2183
967,2406
765,4283
471,8104
758,6279
775,2289
464,0099
845,4332
1129,218
1036,041
885,0356
502,8123
1290,379
859,034
601,2183
847,4333
939,4389
1099,026
450,0091
511,0128
895,2362
890,4359
850,4335
1088,428
699,0242
467,6101
1430,345
953,4398
591,4177
945,8393
879,6353
1110,623
832,4324
670,4225
752,6275
1164,61
1245,99
1003,643
1159,411
525,8137
739,0267
861,4341
698,6242
1148,014
1195,802
761,028
1006,643
606,6186
852,8336
448,209
688,8236
1059,435
326,2015
824,8319
721,2256
777,429
489,0114
1039,24
924,238
1434,944
1330,169
984,6417
948,2394
552,8153
851,2335
685,6234
868,2346
991,6421




112,1994
*---*




1537,719
*---*
1640,494
*---*
1056,236
*---*
1576,709
*---*
371,2043
*---*
559,2157
*---*




