0,2487733 0,04609448 -0,2496133 -0,07820612 0,2673135 -0,3606867 -0,4927112 0,1556498 -0,3827301 -0,1811588 -0,2703535 0,4649121 0,1648801 -0,3140329 0,1948562 -0,1842411 0,3843857 0,126591 0,2179305 0,2549503 0,1884659 -0,1541944 0,237973 -0,1247689 -0,2966388 -0,4672492 0,09850472 -0,3356436 -0,05999357 0,3011715 0,2179293 -0,08442301 0,08426255 -0,05432016 0,4828292 -0,1065266 0,3669773 -0,4655461 -0,1100948 0,002052844 0,4138157 0,01725429 0,08938247 0,111877 0,3571305 -0,1289997 0,4476271 0,1617247 -0,3645532 0,4957367 0,165122 -0,3406616 -0,3939813 -0,01712841 0,1219719 0,03375262 -0,2930462 0,4886255 0,2151797 0,3359951 0,09538132 -0,0810402 0,1221207 -0,1029591 -0,2254148 0,3940448 0,4893904 0,2596425 -0,1576924 0,3843756 -0,144777 0,1510652 -0,1268296 0,3335388 -0,06814414 -0,166257 0,3561682 0,019113 -0,224367 -0,07648629 0,2714282 -0,3925127 0,07423526 0,2359625 0,338464 -0,334601 0,001131475 -0,3173949 0,1151708 -0,1209589 0,2331032 -0,2368941 0,4718218 0,1807041 0,3680736 -0,4468446 0,3621817 0,2566544 -0,2299875 0,2684785 -0,3902082 0,03560251 -0,0824216 -0,06092471 0,3051277 0,04187316 0,201086 -0,2164715 -0,1510201 -0,3353683 0,3670864 0,2665265 -0,1038311 0,03975898 -0,1474932 0,2099085 -0,2565833 0,4712545 -0,3353453 0,07613522 -0,3289068 0,4012874 -0,3899909 0,1557356 0,4079927 0,1443686 0,2299531 0,2309373 0,4085182 0,3319557 -0,4221691 0,03930587 0,1523334 -0,3970124 -0,08929044 0,005815685 0,2753706 -0,02756709 0,3855594 -0,4821573 0,108354 -0,002530515 -0,341643 -0,4487092 
0,001192033 0,3826388 0,4902619 -0,3999411 0,1204274 -0,06425959 0,1816625 0,1734563 -0,3240955 0,1437742 0,2250143 -0,03327602 0,4516914 -0,4934993 -0,3936695 0,414644 0,09802049 0,424777 0,1981202 -0,2785247 -0,2212102 0,04166108 -0,1313855 -0,1690241 0,3917241 0,008910954 


0,3903178 -0,3281695 -0,2685369 0,3044895 0,07206792 -0,3795203 -0,1685852 0,3456597 -0,4169395 -0,1560696 -0,03920907 -0,263174 0,3961269 0,1988929 0,05833822 -0,002009332 -0,4447304 0,3286501 -0,4718096 0,4740688 0,4934654 0,4295585 -0,2713682 0,3645034 -0,2281255 0,1498025 0,2586706 -0,2747638 -0,3359131 -0,06008226 -0,4830314 -0,03070909 -0,1646887 -0,2520752 0,2604142 -0,03802723 -0,3485714 0,3416498 0,09568089 -0,1538981 0,2551591 0,2215709 -0,09007376 0,4528548 0,3789473 -0,4447782 -0,1934609 0,1690421 0,4330597 0,1284717 0,3159057 0,4401748 0,3618512 -0,07053405 -0,2635045 -0,03909808 -0,258851 0,3567933 -0,2363717 0,1268947 0,487285 -0,3987761 -0,4687017 0,06355172 -0,4052341 -0,07669169 -0,08114272 0,3151665 -0,4364308 0,3626664 -0,4777532 -0,4245477 -0,2083322 -0,02465993 -0,4673212 -0,1159927 -0,2929246 0,1898784 0,1331053 0,4146047 -0,1131784 -0,4679639 -0,1658455 0,3645378 -0,4069638 -0,2403862 -0,4766679 -0,2765339 -0,3885844 -0,2757356 -0,1652945 0,4443035 -0,1141114 -0,2040028 0,4703549 -0,06946367 0,4377002 -0,3301947 -0,2734511 -0,05443305 -0,2993573 -0,02271169 -0,3206999 0,04010993 0,3183563 0,2452611 0,4058287 -0,1051446 -0,2615534 0,1654038 0,02140456 0,09893507 0,0848437 -0,2505358 -0,2423614 -0,1408044 -0,4351103 -0,2751932 0,4427363 0,4163655 0,2196932 0,4740026 0,265928 0,3267018 0,4857626 0,1600077 -0,4946452 0,2649835 0,4178988 -0,2733011 0,2217764 0,1910248 0,1854499 0,1942945 -0,2681161 0,09055513 -0,4915152 -0,2707956 0,3157493 -0,243091 -0,4451677 0,3396201 -0,2001166 -0,2612878 
-0,2635461 -0,0875693 -0,2794696 -0,2172264 0,3137926 -0,1660325 -0,2861135 0,195769 -0,3100722 -0,4629078 -0,1970632 0,1161639 -0,2691177 0,494734 0,2391084 0,1819862 -0,005771577 0,07726067 0,2588584 -0,05866617 -0,2727979 0,2756807 0,1423268 0,2114359 -0,2850716 -0,3208146 


0,06107455 -0,2374406 -0,3168975 0,335086 0,3494414 0,118403 -0,1672233 -0,2272963 -0,1983885 -0,1370884 -0,2618452 0,2161841 0,2846222 -0,1587702 0,09986192 -0,2993804 0,2628362 0,1134185 -0,09441274 0,0981403 -0,1322703 0,3907398 -0,03231066 0,1523603 -0,3590349 0,05382425 0,07852143 0,210945 -0,04359585 0,1632559 0,419804 0,3518013 0,3719559 -0,08115023 -0,4593194 0,4210382 -0,1279461 0,2083704 0,3792737 -0,4746408 0,3974268 0,229717 -0,1154409 -0,4514757 0,3357064 -0,1015392 0,3407822 -0,4466125 0,4642434 0,3384962 -0,09234959 0,3238449 -0,0542348 -0,2419092 -0,141005 -0,3392929 0,2264534 -0,2545356 -0,08704227 -0,155125 0,08658892 0,2632803 -0,2273272 0,2085386 -0,1871907 0,4383639 0,4252757 -0,404653 0,1902404 0,05581349 -0,1939339 -0,2731341 -0,3617393 -0,3332009 0,146532 0,09450024 0,4537489 0,1474738 0,07119077 -0,01441056 -0,2856768 -0,4920539 0,4962677 0,3162243 0,0459885 -0,01348037 -0,3749993 0,4732761 0,1814033 -0,2008739 0,04679888 0,1900991 -0,178174 0,1295967 -0,4470729 -0,1982062 -0,01183659 -0,03588802 -0,2221378 0,3943299 -0,1847363 -0,2540952 -0,2762192 0,4004371 -0,3945153 -0,1572369 0,2429211 0,05536443 0,2322751 0,2298667 0,4741068 -0,3499603 0,06701392 0,4412673 0,06195432 -0,1682088 -0,2037729 0,1738133 0,3909104 -0,03101379 0,1147363 -0,15835 0,3618925 0,05625182 0,06485945 0,2585949 -0,3332242 -0,233361 -0,1463524 -0,01566535 0,4425225 -0,3284789 -0,4168384 0,343134 -0,2256276 -0,1454051 0,2315969 -0,301261 0,3534175 -0,1010605 0,4100302 -0,4554998 0,2837596 -0,20019 
0,4440267 0,4731779 0,4757855 0,1076425 -0,4045235 0,2339817 0,05148703 0,4915912 0,2657979 0,1897233 0,1300324 -0,07886726 -0,1142522 0,07795471 0,3171922 0,281889 -0,006644666 0,3479456 0,2395323 0,3250493 -0,2338055 -0,3132765 -0,298846 0,4042612 -0,4667119 0,2103922 


NEXT 

