1211 0
735 0
1399 0
859 0
789 0
1159 0
1356 0
1588 1
1465 0
1573 2
1538 2
1159 0
699 0
1545 2
649 0
1130 0
1465 0
1338 0
836 0
1180 0
1450 0
1484 0
1110 0
1231 0
1421 0
1549 2
1418 0
1482 0
1037 0
1185 0
1597 2
1117 0
1242 0
1138 0
1252 0
439 0
1515 1
1194 0
847 0
1532 0
622 0
1356 0
1065 0
1097 0
1110 0
1242 0
1527 1
1531 1
1533 0
1522 1
1538 1
1546 0
1531 1
1180 0
902 0
1660 2
1372 0
1335 0
1356 0
1277 0
1529 1
868 0
961 0
1016 0
1118 0
1276 0
1466 0
1065 0
1591 0
881 0
1057 0
1192 0
1357 0
1559 1
1381 0
1091 0
1527 0
1733 2
1523 1
892 0
1120 0
836 0
1559 1
1383 0
1335 0
1076 0
1441 0
1380 0
1568 1
1210 0
1560 0
1548 2
871 0
1484 0
953 0
961 0
1159 0
1055 0
1203 0
1429 0
1110 0
1546 2
1159 0
1325 0
1450 0
1663 0
1110 0
1589 0
1541 2
1708 3
1138 0
1245 0
1138 0
378 0
1127 0
1408 0
1419 0
1017 0
1608 2
1076 0
889 0
992 0
1573 1
1159 0
1529 1
647 0
1601 3
889 0
892 0
1158 0
1531 1
1076 0
986 0
1034 0
1231 0
1594 0
1525 1
504 0
1569 1
1418 0
993 0
944 0
1203 0
1252 0
1527 0
596 0
1527 1
1065 0
1172 0
1026 0
1544 2
951 0
899 0
800 0
1169 0
889 0
1221 0
998 0
658 0
1263 0
1090 0
803 0
1057 0
1600 3
1075 0
1294 0
1346 0
1614 2
993 0
608 0
1120 0
993 0
1525 1
1512 0
1079 0
923 0
1224 0
850 0
1179 0
1692 3
1594 1
1579 2
1325 0
1297 0
1531 0
1328 0
1315 0
1607 2
1545 2
1086 0
816 0
1151 0
621 0
1171 0
1325 0
1532 1
1152 0
1242 0
1560 1
1078 0
1221 0
944 0
1183 0
1523 1
1076 0
1335 0
1533 1
982 0
1539 1
1127 0
1474 0
1359 0
1055 0
1528 1
394 0
1138 0
829 0
924 0
1579 3
1346 0
1325 0
1440 0
1359 0
1231 0
1535 1
1325 0
803 0
1608 2
1526 1
888 0
1501 0
662 0
1235 0
1450 0
1235 0
858 0
1525 1
861 0
982 0
1335 0
961 0
1044 0
1037 0
1242 0
1633 2
1200 0
423 0
1253 0
1055 0
1180 0
1380 0
940 0
699 0
1578 1
951 0
1138 0
608 0
985 0
1194 0
1296 0
1076 0
647 0
1273 0
1159 0
1159 0
1357 0
903 0
1620 3
993 0
453 0
888 0
961 0
1336 0
1569 0
1335 0
1065 0
817 0
1034 0
1055 0
1065 0
1563 1
1439 0
1159 0
1466 0
1429 0
1694 2
1128 0
1220 0
829 0
1562 1
1530 1
1130 0
1622 3
1538 0
902 0
1357 0
1045 0
1408 0
1076 0
1169 0
1273 0
478 0
1130 0
1090 0
1038 0
930 0
647 0
1055 0
1315 0
1439 0
1242 0
826 0
1339 0
1325 0
1583 2
1593 1
1158 0
982 0
1263 0
857 0
527 0
1610 3
1579 2
1451 0
941 0
1273 0
409 0
1318 0
608 0
912 0
1440 0
1148 0
1273 0
1138 0
1086 0
1099 0
951 0
1076 0
1582 1
1055 0
1356 0
1273 0
660 0
1575 2
1335 0
1118 0
1055 0
847 0
1356 0
1346 0
1502 1
1563 1
1328 0
1242 0
1263 0
1484 0
1527 1
1044 0
1539 1
648 0
1318 0
1276 0
777 0
1408 0
982 0
1078 0
605 0
871 0
1065 0
1033 0
1252 0
1169 0
1127 0
905 0
1148 0
1180 0
1429 0
1557 1
1086 0
1550 1
776 0
1169 0
1545 0
1066 0
465 0
1625 3
529 0
1273 0
1614 2
1161 0
1526 1
1242 0
1582 1
1047 0
1138 0
972 0
951 0
647 0
878 0
1345 0
889 0
911 0
1142 0
1170 0
1255 0
1252 0
1429 0
1429 0
750 0
871 0
1582 2
1523 1
964 0
1180 0
449 0
1391 0
1505 0
861 0
859 0
830 0
993 0
1495 0
1252 0
1232 0
919 0
972 0
1211 0
1263 0
686 0
1213 0
1159 0
1203 0
943 0
1553 1
1138 0
1252 0
764 0
1550 1
1335 0
881 0
1540 1
1097 0
883 0
1367 0
899 0
1580 3
1273 0
923 0
1339 0
1526 1
1584 1
531 0
1523 1
1194 0
1058 0
1026 0
1092 0
878 0
1055 0
899 0
1408 0
1089 0
1286 0
1525 1
1589 3
1618 2
1118 0
861 0
1159 0
985 0
1159 0
1191 0
828 0
951 0
1421 0
1439 0
1307 0
827 0
1159 0
1369 0
621 0
1450 0
1562 0
1100 0
982 0
634 0
904 0
1148 0
975 0
982 0
1538 3
1273 0
1376 0
861 0
1232 0
1028 0
1055 0
982 0
1286 0
724 0
1533 1
1531 1
1184 0
1091 0
920 0
1131 0
805 0
1345 0
1553 0
1559 1
1560 2
961 0
1076 0
912 0
1065 0
1325 0
1118 0
1359 0
1231 0
1231 0
1214 0
1518 1
1567 2
1128 0
1231 0
1006 0
765 0
1586 2
961 0
888 0
1380 0
1545 2
1003 0
1016 0
1141 0
530 0
1566 2
452 0
1540 0
778 0
737 0
1587 3
644 0
1325 0
1006 0
1065 0
1044 0
740 0
1099 0
1034 0
1563 1
1076 0
661 0
1242 0
1318 0
940 0
870 0
1034 0
847 0
751 0
1329 0
426 0
1127 0
1537 2
504 0
1491 0
1621 1
1440 0
1429 0
1086 0
961 0
1055 0
982 0
941 0
972 0
1285 0
904 0
889 0
1571 1
1512 1
712 0
836 0
840 0
466 0
1263 0
860 0
1367 0
1576 2
1551 1
1460 0
1076 0
1180 0
1284 0
1252 0
1429 0
1034 0
847 0
955 0
1346 0
1138 0
816 0
1191 0
1055 0
1512 1
1148 0
857 0
748 0
888 0
1132 0
1169 0
687 0
1200 0
1535 1
738 0
1524 1
1325 0
972 0
1086 0
1577 2
1419 0
1409 0
1612 1
889 0
1346 0
1107 0
1065 0
686 0
1086 0
951 0
1242 0
951 0
1419 0
1107 0
1138 0
1550 2
1318 0
1525 1
1262 0
1357 0
1253 0
1065 0
803 0
1252 0
847 0
277 0
1346 0
888 0
1224 0
1325 0
1055 0
1023 0
878 0
972 0
941 0
910 0
1211 0
1086 0
1315 0
1076 0
1149 0
1609 0
1357 0
1055 0
1439 0
1027 0
1128 0
516 0
1076 0
1026 0
1057 0
880 0
899 0
1044 0
1148 0
881 0
1551 2
996 0
582 0
579 0
972 0
1276 0
1017 0
700 0
1242 0
558 0
1523 1
868 0
1524 1
1055 0
868 0
1325 0
1576 3
774 0
1170 0
1169 0
899 0
700 0
1335 0
1346 0
1324 0
1159 0
921 0
1180 0
1408 0
1431 0
1180 0
995 0
932 0
672 0
1398 0
1086 0
660 0
1014 0
1387 0
992 0
1169 0
1086 0
1419 0
961 0
1224 0
816 0
725 0
817 0
1141 0
1526 1
1055 0
1276 0
1380 0
674 0
1461 0
1559 1
1504 1
1222 0
1141 0
1547 1
1231 0
1367 0
933 0
1516 1
1422 0
1173 0
1589 2
1035 0
1563 2
1548 2
961 0
964 0
1591 2
1007 0
1305 0
1314 0
634 0
1055 0
685 0
1273 0
713 0
1086 0
1276 0
1538 1
1297 0
1650 0
868 0
1367 0
621 0
889 0
1367 0
1541 1
1539 1
960 0
1241 0
1400 0
1284 0
1180 0
1263 0
1037 0
1263 0
1305 0
1369 0
934 0
940 0
1550 1
1263 0
943 0
803 0
1141 0
1110 0
972 0
1410 0
829 0
1647 0
993 0
993 0
1450 0
1002 0
1549 2
1530 1
961 0
1170 0
910 0
992 0
961 0
972 0
1325 0
840 0
1513 1
888 0
861 0
1513 1
826 0
837 0
850 0
764 0
1586 2
1076 0
1534 1
618 0
1540 1
1371 0
1652 3
1523 1
1066 0
1200 0
1266 0
1440 0
1390 0
1335 0
777 0
966 0
878 0
787 0
920 0
899 0
1159 0
790 0
1055 0
1075 0
1654 2
1027 0
986 0
1231 0
1076 0
1629 2
1419 0
1224 0
491 0
1017 0
1185 0
1524 1
1090 0
1245 0
1159 0
1578 2
1526 0
901 0
1357 0
1180 0
1439 0
1537 1
1130 0
1632 3
1186 0
1602 2
878 0
1549 1
1087 0
1044 0
1070 0
1530 1
1266 0
556 0
1170 0
1242 0
1090 0
1664 3
1159 0
1589 1
1065 0
825 0
868 0
1576 1
750 0
888 0
1439 0
1159 0
1572 2
725 0
993 0
1307 0
1474 0
1576 1
951 0
726 0
951 0
1224 0
972 0
868 0
634 0
1055 0
1088 0
1408 0
686 0
1086 0
1346 0
1576 2
1367 0
1252 0
1538 1
1055 0
1538 2
1099 0
996 0
326 0
505 0
846 0
889 0
868 0
1055 0
790 0
923 0
1027 0
804 0
1006 0
684 0
1231 0
1418 0
1501 0
1604 2
871 0
793 0
1530 1
1537 1
1038 0
847 0
1388 0
1172 0
951 0
1564 2
791 0
1593 0
1547 2
944 0
998 0
553 0
527 0
972 0
1432 0
1242 0
1573 2
1525 2
1512 0
1528 0
1128 0
1266 0
1087 0
1598 3
1232 0
556 0
1213 0
1539 2
1357 0
1581 2
1548 2
1527 0
1598 2
1574 2
1408 0
1245 0
1356 0
902 0
1127 0
477 0
1611 2
995 0
1273 0
1099 0
1335 0
1336 0
892 0
993 0
1360 0
644 0
1492 0
1359 0
1541 2
1550 1
882 0
860 0
847 0
1253 0
475 0
1527 1
1180 0
1287 0
1263 0
1149 0
1109 0
1173 0
1552 2
871 0
1267 0
775 0
961 0
1180 0
1235 0
1536 1
878 0
1048 0
870 0
1221 0
1528 0
1443 0
765 0
1138 0
1366 0
1569 2
1367 0
1559 2
1412 0
1076 0
1523 0
1367 0
993 0
1159 0
1576 3
1566 2
1058 0
1418 0
1429 0
1148 0
644 0
1076 0
940 0
889 0
1055 0
1274 0
1242 0
1242 0
1461 0
634 0
1450 0
1149 0
1066 0
1044 0
1016 0
923 0
870 0
1085 0
1567 2
1023 0
791 0
1346 0
1170 0
1530 1
1526 1
493 0
726 0
1091 0
1450 0
1221 0
1055 0
996 0
944 0
878 0
1540 1
1572 2
1066 0
1440 0
1576 1
1585 0
881 0
1523 1
688 0
1357 0
1315 0
993 0
944 0
943 0
711 0
982 0
1160 0
892 0
1159 0
607 0
1068 0
1086 0
1027 0
1087 0
1254 0
1162 0
961 0
1357 0
622 0
1202 0
1391 0
1180 0
993 0
1180 0
1162 0
661 0
1528 1
1055 0
1538 1
913 0
1110 0
1556 1
1419 0
1035 0
860 0
750 0
1397 0
1138 0
972 0
1548 2
1055 0
889 0
940 0
1159 0
882 0
1367 0
1545 1
1132 0
923 0
1252 0
1055 0
993 0
1170 0
849 0
633 0
850 0
579 0
892 0
1563 2
1273 0
1512 0
609 0
1419 0
1170 0
1568 1
1059 0
1538 1
1128 0
1551 1
1545 1
1204 0
929 0
1252 0
889 0
1525 1
1538 2
1538 1
1512 1
789 0
878 0
983 0
726 0
1107 0
1075 0
839 0
1439 0
1045 0
1538 1
1526 1
1119 0
1170 0
1346 0
608 0
982 0
1450 0
1086 0
1591 1
1526 1
1170 0
941 0
1213 0
1231 0
697 0
840 0
1670 1
750 0
982 0
1419 0
1055 0
1242 0
867 0
975 0
972 0
1526 1
1574 2
1180 0
1201 0
1551 1
1180 0
1581 3
1548 1
940 0
608 0
953 0
542 0
1600 2
1450 0
899 0
1335 0
1221 0
1076 0
1127 0
993 0
712 0
543 0
1541 1
1065 0
998 0
1570 2
870 0
1552 2
1502 0
1491 0
1625 2
1152 0
1315 0
1325 0
1088 0
1559 1
1201 0
570 0
1502 0
1274 0
1369 0
1461 0
543 0
1539 2
954 0
829 0
1418 0
1118 0
1616 3
1048 0
1235 0
1547 1
1526 1
1067 0
802 0
867 0
1540 2
1065 0
1100 0
1465 0
1036 0
1087 0
1231 0
1561 2
1349 0
847 0
972 0
1524 1
1161 0
1346 0
1562 3
1161 0
1232 0
1252 0
777 0
1492 0
1527 1
1232 0
1173 0
1200 0
816 0
1325 0
1687 3
1336 0
1148 0
803 0
902 0
1002 0
1450 0
1442 0
964 0
764 0
777 0
1655 3
1055 0
1242 0
1335 0
878 0
1087 0
1613 2
609 0
1505 1
1005 0
868 0
1076 0
839 0
1273 0
878 0
1263 0
1525 1
982 0
1525 1
1149 0
1086 0
1367 0
570 0
1411 0
1242 0
1348 0
1200 0
608 0
1273 0
1118 0
699 0
1148 0
972 0
1138 0
764 0
1335 0
1159 0
1148 0
1473 0
1461 0
985 0
1169 0
963 0
940 0
1308 0
1335 0
1065 0
1539 2
1278 0
1221 0
1027 0
1263 0
1557 1
1556 1
962 0
1555 1
1193 0
1474 0
931 0
919 0
1273 0
1592 2
1527 1
1212 0
1242 0
1739 2
1194 0
1561 2
661 0
985 0
752 0
518 0
1349 0
1408 0
1163 0
961 0
1461 0
1367 0
1542 2
1252 0
1547 2
868 0
1576 3
1044 0
1169 0
901 0
982 0
993 0
1628 2
899 0
982 0
1274 0
1090 0
687 0
1571 2
1582 2
1263 0
802 0
558 0
1066 0
982 0
1577 1
1538 1
891 0
712 0
961 0
514 0
1512 1
1159 0
954 0
1090 0
839 0
889 0
888 0
1550 1
1047 0
1556 1
1076 0
1356 0
1303 0
1418 0
1076 0
1210 0
1335 0
1345 0
1526 1
1491 0
1273 0
1641 2
1440 0
1075 0
1590 3
1210 0
1090 0
409 0
1552 1
995 0
1044 0
1439 0
1552 0
1037 0
1172 0
1542 2
1231 0
961 0
1550 1
1306 0
1286 0
930 0
1221 0
504 0
1530 1
1359 0
1065 0
1097 0
1048 0
1370 0
1263 0
1296 0
1558 1
1159 0
1109 0
1180 0
1540 1
993 0
902 0
1138 0
1044 0
1408 0
1110 0
1432 0
1408 0
1245 0
930 0
1252 0
1512 1
1141 0
1525 1
1574 2
1130 0
919 0
1017 0
1065 0
1254 0
1148 0
1481 0
1024 0
686 0
1377 0
1180 0
889 0
857 0
1325 0
1640 3
1346 0
1580 2
961 0
1159 0
1221 0
1220 0
1512 1
1231 0
673 0
1593 3
878 0
1148 0
1055 0
1356 0
1577 3
1252 0
1494 0
1148 0
1409 0
1550 1
1086 0
1526 1
1242 0
1400 0
1017 0
1127 0
951 0
1418 0
1545 1
1336 0
622 0
972 0
1079 0
1017 0
1138 0
1045 0
1582 2
964 0
1055 0
1231 0
1273 0
1221 0
1159 0
1266 0
1536 1
993 0
862 0
1439 0
972 0
961 0
961 0
1055 0
1121 0
889 0
1222 0
1548 1
993 0
674 0
1092 0
982 0
1055 0
915 0
972 0
1006 0
961 0
1345 0
813 0
1578 2
1531 1
1242 0
1130 0
899 0
1214 0
993 0
965 0
878 0
1533 1
1016 0
899 0
1524 1
1356 0
261 0
1044 0
1460 0
1079 0
478 0
972 0
1106 0
1252 0
1048 0
1149 0
1537 1
1170 0
1408 0
1076 0
1401 0
1560 1
394 0
1492 0
1263 0
1263 0
764 0
1078 0
1555 2
1356 0
1180 0
1180 0
1138 0
1130 0
1512 0
1304 0
982 0
1409 0
888 0
1527 1
597 0
839 0
1450 0
1173 0
1055 0
1578 3
608 0
941 0
648 0
1159 0
993 0
1149 0
1149 0
1066 0
787 0
1054 0
1555 2
951 0
1551 1
1440 0
1242 0
1086 0
1512 1
542 0
1315 0
1429 0
1524 1
881 0
1090 0
912 0
1587 2
1242 0
878 0
1169 0
975 0
517 0
891 0
1180 0
777 0
1252 0
1629 3
961 0
1252 0
556 0
1392 0
815 0
1232 0
1317 0
931 0
1624 3
1429 0
1242 0
1066 0
1273 0
1221 0
1558 2
1184 0
861 0
867 0
778 0
1127 0
899 0
932 0
778 0
1163 0
1162 0
1336 0
924 0
872 0
1068 0
1422 0
1014 0
1075 0
1263 0
1077 0
1356 0
1087 0
893 0
1273 0
543 0
1231 0
1318 0
1349 0
1357 0
1110 0
1390 0
1016 0
882 0
1529 1
1529 1
815 0
1044 0
1526 1
1087 0
621 0
1401 0
1069 0
1169 0
1059 0
774 0
1551 2
857 0
1180 0
1044 0
993 0
1231 0
881 0
889 0
1023 0
439 0
1055 0
1548 1
776 0
961 0
972 0
1076 0
1194 0
1294 0
934 0
1201 0
972 0
1023 0
1055 0
1034 0
1089 0
1252 0
1527 1
1542 2
1592 3
1138 0
1383 0
1149 0
972 0
1234 0
1267 0
791 0
1539 1
1558 1
1180 0
1231 0
1572 2
1512 1
439 0
922 0
1158 0
1252 0
1231 0
1158 0
281 0
1551 1
940 0
474 0
1586 2
1335 0
850 0
1055 0
1037 0
1117 0
1550 2
1357 0
1533 1
1559 0
888 0
1242 0
1065 0
1017 0
1380 0
951 0
1566 2
1023 0
465 0
1210 0
1536 1
878 0
888 0
868 0
1560 3
1023 0
857 0
1173 0
1548 1
953 0
1559 1
1058 0
1369 0
982 0
1579 1
1007 0
1055 0
839 0
1548 2
1253 0
634 0
1045 0
1065 0
1231 0
1401 0
1014 0
1335 0
1131 0
985 0
1529 1
647 0
961 0
911 0
975 0
1463 0
1099 0
888 0
1159 0
1528 1
1580 1
1213 0
945 0
1016 0
857 0
1070 0
920 0
904 0
427 0
1524 1
1222 0
699 0
1076 0
1601 3
1643 2
1169 0
1611 1
920 0
933 0
1567 1
930 0
1335 0
1439 0
1086 0
1159 0
881 0
1524 1
1566 2
1535 1
1242 0
648 0
1461 0
983 0
1545 1
993 0
828 0
777 0
1601 1
1108 0
1356 0
1180 0
1148 0
1183 0
1169 0
891 0
1065 0
1159 0
683 0
658 0
569 0
635 0
1252 0
982 0
871 0
1120 0
1592 2
1484 0
1183 0
816 0
1372 0
1549 1
813 0
1535 1
1640 2
1356 0
1169 0
674 0
1076 0
410 0
1556 1
972 0
1628 3
1162 0
1418 0
1461 0
1169 0
1170 0
1005 0
950 0
850 0
1275 0
674 0
1211 0
1549 1
1401 0
1356 0
1450 0
1549 1
1599 1
899 0
839 0
1296 0
1221 0
1450 0
1138 0
1315 0
725 0
1295 0
857 0
1252 0
1528 1
1169 0
1561 1
1242 0
1180 0
1038 0
1065 0
1131 0
646 0
972 0
1439 0
1087 0
1055 0
1440 0
1068 0
868 0
1076 0
1152 0
750 0
696 0
1314 0
709 0
1152 0
1169 0
1335 0
1138 0
1726 3
889 0
892 0
985 0
1631 3
972 0
892 0
709 0
1263 0
1534 1
1553 1
892 0
1252 0
961 0
1148 0
940 0
569 0
1034 0
1450 0
902 0
1221 0
1560 1
1345 0
1675 3
965 0
1034 0
1547 1
1346 0
1245 0
1450 0
1017 0
1335 0
453 0
1279 0
881 0
1047 0
395 0
982 0
1275 0
1037 0
1621 2
1557 1
1556 2
1065 0
1460 0
1440 0
857 0
881 0
972 0
1527 2
1316 0
1139 0
1287 0
1336 0
1551 1
1528 1
1057 0
1418 0
1335 0
1273 0
1253 0
1169 0
1273 0
1127 0
1180 0
634 0
890 0
1098 0
944 0
878 0
778 0
543 0
1172 0
1109 0
857 0
1550 2
1419 0
993 0
1097 0
1200 0
624 0
1461 0
1025 0
932 0
961 0
975 0
645 0
899 0
1180 0
1463 0
1162 0
1232 0
891 0
902 0
1277 0
889 0
1524 1
1559 2
1034 0
1568 2
1297 0
1159 0
899 0
1159 0
663 0
880 0
1076 0
1555 2
972 0
504 0
620 0
1223 0
1034 0
1263 0
1089 0
1450 0
1390 0
1215 0
1317 0
1159 0
1190 0
899 0
1570 2
1180 0
1538 1
634 0
1174 0
951 0
1274 0
1127 0
1159 0
393 0
1556 1
951 0
1148 0
1263 0
1356 0
1252 0
1501 0
912 0
1076 0
1148 0
878 0
816 0
1242 0
1159 0
1065 0
941 0
1621 1
826 0
944 0
1525 1
1562 2
761 0
930 0
1055 0
982 0
1538 1
940 0
504 0
1076 0
837 0
1367 0
1180 0
1538 1
1324 0
1512 1
1650 2
1242 0
1525 1
492 0
1127 0
777 0
1279 0
1047 0
1184 0
475 0
1066 0
1408 0
893 0
923 0
1127 0
1262 0
1408 0
879 0
439 0
889 0
475 0
1615 3
553 0
993 0
558 0
951 0
1170 0
933 0
1535 0
1222 0
1045 0
1325 0
1335 0
1099 0
1450 0
1600 0
1076 0
1065 0
1138 0
1588 1
1528 0
992 0
1158 0
1572 2
1255 0
1316 0
1263 0
700 0
840 0
1048 0
1356 0
1170 0
1429 0
985 0
1058 0
892 0
1200 0
1180 0
683 0
1275 0
1076 0
1034 0
683 0
982 0
993 0
1534 1
1148 0
1180 0
1159 0
1464 0
985 0
901 0
982 0
738 0
972 0
899 0
932 0
1231 0
1027 0
1525 1
1242 0
1045 0
1380 0
1570 2
1461 0
1525 1
1408 0
1142 0
1512 1
1109 0
1532 1
1524 1
859 0
1625 3
976 0
1252 0
595 0
748 0
861 0
1017 0
1432 0
685 0
971 0
1526 1
1357 0
1076 0
169 0
1045 0
699 0
1460 0
940 0
882 0
1463 0
1279 0
1180 0
1356 0
581 0
1232 0
540 0
1408 0
1356 0
1159 0
996 0
1536 1
851 0
1356 0
1130 0
711 0
1539 1
1522 1
1548 2
993 0
972 0
1127 0
1639 2
1138 0
1539 1
1345 0
1287 0
1076 0
1252 0
985 0
1357 0
1289 0
1541 1
1065 0
1491 0
857 0
688 0
635 0
1170 0
1439 0
951 0
932 0
1086 0
1128 0
1086 0
1148 0
1214 0
1588 1
1409 0
1210 0
1685 3
1086 0
889 0
1242 0
1450 0
1273 0
993 0
1546 1
1526 1
1346 0
972 0
1252 0
672 0
1564 3
1556 2
889 0
971 0
1037 0
1450 0
505 0
1148 0
1349 0
996 0
1611 2
1006 0
961 0
1460 0
847 0
1367 0
1622 2
1130 0
899 0
1315 0
965 0
1080 0
1330 0
1536 1
971 0
1263 0
985 0
1579 1
1048 0
992 0
1315 0
1131 0
1525 1
778 0
1169 0
1055 0
1566 2
1224 0
1149 0
1325 0
1324 0
1612 2
1357 0
1409 0
1284 0
829 0
1273 0
1634 3
1550 1
582 0
951 0
1127 0
1597 2
899 0
1529 1
1089 0
505 0
1566 1
1055 0
1314 0
1034 0
996 0
1055 0
1357 0
965 0
861 0
1076 0
1069 0
1138 0
993 0
899 0
961 0
1148 0
1547 0
993 0
1086 0
1527 1
1180 0
1044 0
1356 0
1525 1
1587 1
954 0
1141 0
1563 2
1054 0
1180 0
1367 0
951 0
1024 0
802 0
965 0
1055 0
839 0
1543 2
993 0
1055 0
1232 0
1491 0
1242 0
998 0
752 0
1565 3
1527 1
1543 1
1138 0
1203 0
1505 0
954 0
1548 2
1410 0
711 0
1079 0
1573 2
1450 0
1335 0
934 0
1552 2
1099 0
1398 0
1307 0
993 0
1180 0
880 0
1346 0
1560 2
1523 1
1450 0
883 0
1242 0
972 0
635 0
1580 3
1318 0
1117 0
1148 0
1622 2
1128 0
1221 0
1450 0
1120 0
1065 0
912 0
345 0
1180 0
1440 0
1193 0
847 0
529 0
993 0
992 0
943 0
1274 0
1130 0
1346 0
1086 0
793 0
1159 0
1170 0
1169 0
1560 2
1576 2
1652 2
943 0
1482 0
830 0
1596 1
891 0
1367 0
1232 0
1200 0
1045 0
1608 3
951 0
1557 1
933 0
1450 0
1076 0
913 0
1491 0
1349 0
1501 0
1570 2
1418 0
790 0
1089 0
1315 0
1045 0
1512 1
888 0
1556 2
1026 0
951 0
1530 1
1159 0
857 0
1346 0
1346 0
439 0
857 0
1532 1
1148 0
1180 0
1325 0
986 0
1527 1
984 0
1017 0
1149 0
1038 0
1318 0
739 0
993 0
1526 1
477 0
1034 0
1356 0
944 0
1611 2
1090 0
1572 2
1179 0
1350 0
1273 0
1439 0
993 0
1562 3
1524 1
1552 1
1078 0
570 0
1110 0
847 0
933 0
1562 2
1232 0
882 0
829 0
1047 0
644 0
1349 0
1535 1
1148 0
1534 1
1525 1
1356 0
1117 0
1265 0
836 0
1574 3
1315 0
1253 0
1169 0
1100 0
1429 0
1461 0
1440 0
1372 0
986 0
902 0
904 0
1539 1
1527 1
1149 0
1408 0
951 0
1411 0
1221 0
1529 1
913 0
1554 2
1089 0
899 0
870 0
993 0
1512 1
1346 0
621 0
1015 0
1541 1
699 0
1159 0
899 0
993 0
1461 0
1559 2
1049 0
1552 2
888 0
982 0
1180 0
1612 1
530 0
1346 0
1501 0
1527 1
1273 0
912 0
1148 0
1065 0
868 0
1066 0
466 0
1086 0
1169 0
1232 0
1367 0
993 0
778 0
1418 0
1349 0
1450 0
1532 1
1586 3
1294 0
1598 2
1608 3
902 0
1076 0
1242 0
1357 0
1242 0
1339 0
465 0
1252 0
1242 0
975 0
1086 0
455 0
1242 0
965 0
871 0
1531 1
1536 1
1594 2
1450 0
1525 1
569 0
1429 0
1550 2
1076 0
1578 2
261 0
1451 0
1069 0
765 0
986 0
1475 0
1325 0
1367 0
739 0
712 0
410 0
1044 0
1408 0
870 0
1055 0
1367 0
608 0
1242 0
1335 0
1528 1
1086 0
1439 0
1586 2
961 0
1377 0
993 0
930 0
517 0
1560 1
1598 1
1485 0
1528 1
1592 2
790 0
699 0
688 0
828 0
1580 2
1481 0
624 0
1210 0
726 0
1556 1
964 0
1346 0
1450 0
1561 2
1526 1
1525 1
1461 0
1152 0
1162 0
1645 3
1556 1
1138 0
1014 0
932 0
569 0
1149 0
1148 0
1201 0
1551 2
1655 3
963 0
899 0
1169 0
1162 0
1653 3
542 0
1086 0
1169 0
1005 0
961 0
961 0
839 0
1559 3
1577 2
934 0
1193 0
1037 0
1232 0
1065 0
1159 0
1577 2
992 0
1526 1
1439 0
1110 0
1367 0
976 0
1367 0
913 0
982 0
708 0
1532 1
816 0
984 0
985 0
1563 2
1097 0
1086 0
1367 0
1388 0
1044 0
1512 1
982 0
982 0
1097 0
1034 0
1065 0
1335 0
1547 2
902 0
1141 0
951 0
984 0
1180 0
1529 1
830 0
1346 0
1307 0
889 0
1263 0
881 0
1548 1
1346 0
1580 2
1460 0
1141 0
1367 0
1180 0
1525 1
504 0
1563 1
1221 0
1169 0
1557 2
1097 0
993 0
1401 0
1163 0
1055 0
1463 0
1562 1
940 0
1527 1
1443 0
1055 0
1541 1
1562 2
553 0
1121 0
1242 0
1204 0
900 0
1211 0
1461 0
992 0
1545 1
1604 1
868 0
1232 0
1528 1
1007 0
1037 0
608 0
687 0
993 0
765 0
1346 0
961 0
1461 0
1583 2
996 0
1034 0
1547 1
1537 1
1141 0
517 0
922 0
982 0
1482 0
764 0
1252 0
1044 0
1328 0
1335 0
647 0
1602 2
1419 0
1348 0
1440 0
761 0
985 0
1204 0
1540 1
1066 0
975 0
1086 0
1273 0
1543 1
1222 0
1210 0
1099 0
608 0
816 0
889 0
847 0
851 0
1065 0
1418 0
1294 0
1600 2
1212 0
1317 0
1502 0
1390 0
982 0
1336 0
912 0
1048 0
1152 0
1231 0
1516 1
1600 2
1148 0
1127 0
1255 0
933 0
1526 1
1526 1
1256 0
1450 0
984 0
878 0
1573 2
623 0
1523 1
1159 0
1608 2
1325 0
394 0
985 0
940 0
1141 0
1149 0
868 0
1494 0
1557 1
1172 0
1367 0
1099 0
1162 0
1265 0
878 0
1550 1
1315 0
982 0
1549 2
1645 2
1588 3
1346 0
1182 0
1186 0
1422 0
1024 0
1148 0
1473 0
1274 0
889 0
579 0
961 0
1461 0
1346 0
1087 0
1148 0
857 0
1138 0
1325 0
803 0
1252 0
827 0
1439 0
1045 0
940 0
1529 1
793 0
739 0
713 0
899 0
1086 0
1068 0
1540 2
992 0
1274 0
1557 2
1107 0
1453 0
686 0
765 0
878 0
1552 2
830 0
1110 0
849 0
607 0
378 0
1273 0
786 0
1138 0
1128 0
582 0
961 0
1548 2
943 0
1551 1
902 0
540 0
1357 0
673 0
801 0
997 0
1325 0
1439 0
1034 0
1159 0
1542 2
1356 0
1623 3
847 0
922 0
1076 0
929 0
1273 0
1401 0
490 0
1014 0
1566 3
1419 0
1597 1
1586 1
985 0
1004 0
776 0
1044 0
1180 0
1148 0
777 0
1273 0
837 0
1263 0
1419 0
1127 0
1536 1
1383 0
944 0
1579 3
330 0
850 0
1231 0
1550 1
940 0
1159 0
1170 0
1567 2
1318 0
1553 1
1252 0
1419 0
1429 0
857 0
972 0
1621 2
1252 0
1554 2
972 0
1245 0
609 0
975 0
1592 1
1460 0
1192 0
1525 1
1418 0
1450 0
686 0
1661 2
813 0
1356 0
725 0
1346 0
1044 0
568 0
1159 0
1548 2
1525 1
982 0
1551 2
964 0
1529 1
1142 0
892 0
1439 0
1349 0
965 0
789 0
1058 0
1529 1
1047 0
1065 0
1252 0
543 0
1539 1
1148 0
1507 1
1304 0
1529 1
1180 0
881 0
1573 2
1548 0
1523 1
739 0
1128 0
1141 0
1408 0
1450 0
750 0
1263 0
1214 0
911 0
1141 0
1314 0
1180 0
1617 3
1138 0
1287 0
1045 0
899 0
975 0
1220 0
1356 0
878 0
839 0
1065 0
1639 1
1263 0
899 0
789 0
1159 0
1148 0
1522 1
553 0
961 0
1529 1
540 0
985 0
1055 0
993 0
1306 0
1528 1
1335 0
889 0
1232 0
1325 0
1224 0
1185 0
870 0
429 0
1286 0
995 0
909 0
1450 0
1065 0
996 0
1535 1
868 0
1346 0
1028 0
1335 0
802 0
713 0
748 0
1524 1
1128 0
728 0
998 0
517 0
1263 0
1066 0
974 0
1169 0
1550 2
1044 0
1542 1
941 0
1204 0
1034 0
1242 0
1065 0
1432 0
592 0
923 0
1535 1
900 0
1110 0
544 0
1526 1
934 0
923 0
1335 0
1193 0
951 0
1346 0
1297 0
1252 0
1551 1
1539 1
1273 0
261 0
1296 0
1065 0
871 0
1213 0
985 0
1314 0
1526 1
543 0
1045 0
1092 0
1003 0
1598 3
950 0
889 0
1328 0
899 0
361 0
1533 1
1242 0
1006 0
1076 0
1055 0
1537 1
1530 1
519 0
530 0
888 0
1099 0
1530 1
971 0
1027 0
995 0
1491 0
1315 0
847 0
1276 0
995 0
1524 1
985 0
1007 0
1015 0
1018 0
1408 0
1263 0
1231 0
986 0
1450 0
1350 0
1034 0
993 0
1546 1
868 0
1286 0
1383 0
1474 0
1566 3
1532 1
1547 2
1528 1
922 0
982 0
1276 0
1380 0
1651 2
1325 0
1183 0
1100 0
1439 0
1148 0
1576 2
1117 0
1601 3
1148 0
993 0
1527 1
1419 0
514 0
683 0
670 0
888 0
1555 2
1038 0
660 0
1367 0
1711 2
608 0
951 0
1540 1
1527 1
1159 0
1561 2
1294 0
1569 3
1263 0
1512 1
1623 2
993 0
902 0
1159 0
1367 0
1359 0
1557 1
803 0
1523 1
1502 0
699 0
1065 0
1180 0
1263 0
1649 2
1159 0
996 0
1263 0
1623 2
409 0
923 0
1273 0
1054 0
1097 0
1439 0
878 0
1568 3
1055 0
1409 0
1214 0
1336 0
1180 0
924 0
1528 1
1017 0
961 0
1246 0
1086 0
1674 3
1556 1
1242 0
934 0
1367 0
1255 0
888 0
1474 0
752 0
964 0
1346 0
1534 1
1524 1
1086 0
1526 1
1536 1
1378 0
1159 0
943 0
1537 2
1367 0
1536 1
761 0
993 0
1367 0
1325 0
1086 0
881 0
982 0
1523 1
1111 0
1399 0
1128 0
1357 0
856 0
1536 0
1450 0
951 0
748 0
983 0
881 0
1086 0
868 0
1078 0
1532 1
1537 2
993 0
608 0
1274 0
1055 0
689 0
465 0
1055 0
933 0
1523 1
1109 0
847 0
961 0
569 0
764 0
465 0
1038 0
986 0
1588 3
1241 0
993 0
1058 0
1170 0
1055 0
1315 0
1066 0
1532 1
1482 0
1038 0
1566 2
764 0
1225 0
1335 0
982 0
954 0
961 0
1346 0
1432 0
881 0
1214 0
557 0
503 0
982 0
1607 2
1180 0
1524 1
1429 0
1076 0
1450 0
1242 0
1501 0
1245 0
1065 0
1172 0
514 0
1055 0
609 0
1409 0
725 0
878 0
1460 0
277 0
1086 0
1003 0
1512 1
1108 0
857 0
1398 0
1397 0
1090 0
1380 0
1552 1
699 0
1180 0
1357 0
868 0
751 0
1148 0
839 0
1055 0
1065 0
816 0
1306 0
1525 1
723 0
1502 1
1128 0
1335 0
1588 0
1086 0
699 0
1527 1
1551 1
930 0
1140 0
1419 0
1148 0
951 0
1273 0
1460 0
1086 0
1068 0
1537 1
975 0
992 0
1252 0
899 0
1006 0
878 0
1346 0
1561 2
993 0
1086 0
1055 0
1356 0
964 0
934 0
1461 0
1335 0
910 0
961 0
803 0
972 0
1037 0
1065 0
944 0
899 0
1325 0
1544 2
982 0
1159 0
764 0
1148 0
1267 0
909 0
503 0
1523 1
961 0
985 0
955 0
1014 0
1526 1
951 0
1128 0
1524 1
1242 0
467 0
1554 1
1169 0
449 0
982 0
1325 0
1418 0
1169 0
1325 0
1538 1
1087 0
1346 0
1180 0
1450 0
1461 0
1162 0
1576 2
1542 1
1523 1
1335 0
1273 0
1335 0
857 0
1536 1
688 0
1159 0
993 0
530 0
583 0
1461 0
1346 0
1263 0
972 0
1542 1
1272 0
647 0
1232 0
1524 1
1137 0
962 0
1421 0
1034 0
1336 0
933 0
995 0
813 0
1367 0
1551 0
983 0
1065 0
993 0
1277 0
1087 0
1304 0
953 0
1336 0
944 0
1256 0
1058 0
1550 2
878 0
945 0
961 0
1336 0
1494 0
1450 0
891 0
804 0
1528 1
1429 0
1419 0
803 0
1440 0
699 0
1086 0
922 0
889 0
1257 0
739 0
837 0
1076 0
1180 0
1505 1
940 0
1450 0
941 0
1563 2
1573 3
829 0
1450 0
941 0
922 0
871 0
1561 1
910 0
1117 0
277 0
648 0
945 0
760 0
1279 0
1460 0
1605 2
993 0
889 0
1548 2
943 0
582 0
1304 0
1109 0
972 0
1045 0
791 0
1356 0
940 0
1242 0
972 0
1231 0
1539 1
1460 0
1047 0
1512 1
1026 0
1502 0
1326 0
839 0
1212 0
375 0
393 0
1110 0
857 0
1502 0
1242 0
1231 0
1418 0
1231 0
1559 2
1675 2
1086 0
953 0
954 0
816 0
827 0
1089 0
1076 0
1273 0
878 0
1034 0
1567 2
889 0
923 0
903 0
1533 1
1443 0
1621 1
491 0
1055 0
1541 1
1065 0
881 0
901 0
871 0
1086 0
1689 3
1027 0
1076 0
902 0
1304 0
1378 0
1263 0
1529 1
1169 0
1121 0
1131 0
1482 0
1400 0
1314 0
847 0
1024 0
660 0
763 0
815 0
1138 0
1006 0
1547 1
1148 0
993 0
261 0
1356 0
1221 0
1276 0
972 0
1159 0
1211 0
1527 1
1370 0
674 0
1003 0
1496 0
900 0
1221 0
1286 0
1091 0
1055 0
736 0
1398 0
1590 3
1377 0
1516 1
1568 2
1287 0
1235 0
1034 0
1601 3
899 0
1561 2
1367 0
1234 0
1121 0
1502 1
1533 1
751 0
1152 0
1304 0
1450 0
1325 0
1086 0
1349 0
1482 0
1628 3
1142 0
791 0
1210 0
961 0
944 0
449 0
1242 0
870 0
1460 0
829 0
993 0
1346 0
1512 1
816 0
1450 0
542 0
1273 0
816 0
1148 0
1034 0
910 0
1263 0
1221 0
1380 0
1432 0
761 0
1308 0
933 0
902 0
889 0
1065 0
688 0
1556 1
1345 0
836 0
1159 0
1346 0
1036 0
1252 0
1305 0
933 0
944 0
847 0
1242 0
1367 0
1242 0
1535 2
1502 1
1560 2
1356 0
1055 0
1559 2
1242 0
1531 1
557 0
711 0
1055 0
900 0
1547 0
1263 0
1245 0
1573 1
982 0
1538 1
877 0
803 0
1605 3
1173 0
891 0
1055 0
1549 1
943 0
1273 0
860 0
1646 1
1263 0
1398 0
1076 0
1463 0
1315 0
1065 0
1129 0
1221 0
1037 0
1263 0
857 0
961 0
1065 0
455 0
1381 0
1547 1
1574 2
836 0
1242 0
933 0
1346 0
634 0
1419 0
1550 2
858 0
673 0
1148 0
1058 0
951 0
889 0
951 0
1388 0
1266 0
940 0
1138 0
1461 0
517 0
595 0
1277 0
1027 0
1265 0
1252 0
1325 0
436 0
1576 1
1252 0
1087 0
1057 0
1579 1
1180 0
1076 0
1571 1
1336 0
1152 0
1450 0
1006 0
752 0
751 0
1255 0
1610 2
951 0
1224 0
1613 3
1545 1
1076 0
1357 0
391 0
861 0
790 0
1277 0
1221 0
1069 0
1540 1
839 0
1054 0
1203 0
868 0
1527 1
1252 0
1076 0
1491 0
1287 0
566 0
1138 0
1128 0
1076 0
1461 0
1057 0
1429 0
1527 1
972 0
1643 3
1444 0
1148 0
1180 0
1204 0
1440 0
857 0
1545 2
1169 0
1439 0
1263 0
700 0
1418 0
1325 0
993 0
1527 1
1262 0
712 0
1169 0
982 0
1523 1
517 0
1524 1
1086 0
868 0
1289 0
1308 0
962 0
1086 0
778 0
1535 0
1491 0
1180 0
1566 1
1252 0
1180 0
1203 0
1597 2
1512 1
1169 0
972 0
1562 1
1221 0
1180 0
1460 0
940 0
1357 0
1152 0
1231 0
1076 0
857 0
1408 0
1450 0
452 0
1551 2
803 0
942 0
1550 2
1346 0
1087 0
1159 0
945 0
1055 0
881 0
1263 0
1453 0
1273 0
1044 0
725 0
1242 0
1552 2
818 0
1036 0
763 0
1267 0
1055 0
1367 0
899 0
1443 0
1066 0
1346 0
1460 0
803 0
951 0
1461 0
737 0
1076 0
699 0
1562 3
1231 0
1570 1
1523 0
1539 2
713 0
1753 0
922 0
993 0
1605 2
940 0
391 0
1223 0
1584 2
1564 2
1372 0
1266 0
813 0
210 0
505 0
951 0
634 0
902 0
1450 0
1065 0
1193 0
1200 0
868 0
1335 0
1044 0
660 0
1294 0
377 0
1401 0
1225 0
1131 0
961 0
1185 0
1002 0
1065 0
1026 0
1528 0
1127 0
1408 0
1463 0
1542 1
1540 2
1047 0
751 0
1570 1
972 0
1127 0
1381 0
1242 0
1038 0
1065 0
1252 0
961 0
584 0
1149 0
1573 2
982 0
1220 0
1079 0
605 0
972 0
1432 0
1137 0
1356 0
1034 0
1055 0
1536 1
879 0
1442 0
971 0
1612 3
1191 0
940 0
1076 0
868 0
951 0
923 0
698 0
1138 0
983 0
377 0
847 0
920 0
1527 1
1569 2
579 0
1419 0
1087 0
1440 0
1183 0
1231 0
1232 0
986 0
1357 0
1556 3
1450 0
1076 0
933 0
1287 0
920 0
1231 0
1159 0
1193 0
871 0
1587 1
1194 0
1528 1
1536 2
1551 2
752 0
1307 0
1242 0
1616 2
1346 0
1401 0
477 0
1419 0
1367 0
686 0
1148 0
1216 0
1159 0
954 0
1297 0
1461 0
1148 0
857 0
1184 0
1088 0
1526 0
1608 3
633 0
1287 0
972 0
1561 3
1138 0
1159 0
1646 3
1318 0
1200 0
1596 2
670 0
1431 0
1152 0
982 0
1273 0
867 0
1335 0
889 0
1086 0
1367 0
1538 1
1066 0
1595 2
1159 0
910 0
1357 0
1538 2
1529 1
1619 2
623 0
1065 0
1461 0
1304 0
899 0
566 0
1316 0
1224 0
1580 1
1276 0
699 0
1221 0
1253 0
1460 0
1034 0
478 0
1204 0
982 0
1117 0
1067 0
1315 0
1535 1
1539 1
1336 0
1138 0
1492 0
1450 0
1408 0
1527 1
1336 0
804 0
1439 0
955 0
1440 0
1065 0
1562 2
983 0
1614 3
1529 1
688 0
1502 0
1570 1
1231 0
1325 0
1211 0
1525 1
1367 0
1044 0
1162 0
669 0
1401 0
425 0
996 0
1305 0
688 0
1086 0
462 0
1214 0
1148 0
932 0
1537 1
1007 0
982 0
857 0
1076 0
1548 2
935 0
660 0
905 0
1117 0
1408 0
851 0
761 0
790 0
1016 0
993 0
829 0
739 0
1525 1
1442 0
1252 0
878 0
1549 1
1370 0
765 0
1055 0
817 0
892 0
899 0
971 0
1034 0
1346 0
1066 0
533 0
1623 2
1450 0
1055 0
722 0
1408 0
1287 0
1580 1
1086 0
1149 0
1550 1
1044 0
1578 2
1120 0
504 0
1325 0
912 0
1419 0
961 0
1232 0
1169 0
1128 0
1148 0
1429 0
1075 0
1533 1
1086 0
1494 0
688 0
1548 1
1589 2
1571 2
1128 0
940 0
972 0
1325 0
1180 0
888 0
1087 0
954 0
776 0
1055 0
1224 0
1533 1
1076 0
1142 0
326 0
1604 3
736 0
1336 0
1223 0
1516 1
1273 0
878 0
1017 0
1055 0
1245 0
582 0
1089 0
992 0
1058 0
1286 0
961 0
1242 0
1526 1
1568 1
737 0
1593 3
1044 0
899 0
1242 0
982 0
737 0
1076 0
1006 0
452 0
1170 0
1244 0
1273 0
1460 0
813 0
1450 0
1525 1
1419 0
1106 0
1594 2
1357 0
1549 1
1367 0
1180 0
1034 0
857 0
1252 0
608 0
1639 2
1529 1
1527 1
1262 0
1024 0
500 0
1086 0
998 0
1474 0
1036 0
1317 0
982 0
1076 0
1335 0
1531 0
1138 0
1008 0
983 0
1443 0
882 0
1086 0
1211 0
1231 0
1549 1
1369 0
1408 0
882 0
752 0
657 0
658 0
1537 2
1579 2
1587 1
1034 0
1346 0
1149 0
1232 0
452 0
1531 1
846 0
1547 2
1027 0
1044 0
1159 0
1231 0
1035 0
1180 0
647 0
940 0
961 0
1231 0
829 0
1086 0
1419 0
1139 0
1065 0
1086 0
982 0
1252 0
569 0
940 0
1034 0
624 0
1138 0
689 0
739 0
1587 2
1579 2
660 0
1617 2
1461 0
1252 0
1557 1
1652 3
902 0
1584 3
765 0
1568 2
1397 0
1570 1
878 0
793 0
646 0
1506 1
1241 0
1065 0
1572 2
1148 0
1016 0
1551 2
723 0
1242 0
1055 0
1183 0
1681 3
804 0
1419 0
1587 3
868 0
1532 1
1100 0
1179 0
1234 0
1296 0
1148 0
1013 0
1325 0
1086 0
543 0
1148 0
878 0
1372 0
1252 0
985 0
961 0
1173 0
1055 0
1599 2
1318 0
1086 0
1273 0
1044 0
899 0
867 0
961 0
1512 1
1087 0
1128 0
899 0
1450 0
490 0
1356 0
1440 0
1442 0
1054 0
961 0
1325 0
633 0
1179 0
1522 1
1242 0
1089 0
362 0
972 0
1076 0
1184 0
878 0
913 0
1540 2
1003 0
1418 0
1600 3
1307 0
1523 0
1076 0
972 0
1460 0
982 0
1215 0
1138 0
1252 0
1315 0
1534 1
983 0
1148 0
872 0
982 0
1287 0
1086 0
1577 3
972 0
1513 0
1241 0
1317 0
902 0
903 0
904 0
899 0
737 0
685 0
1180 0
1065 0
1557 2
1317 0
712 0
944 0
1169 0
1346 0
974 0
904 0
879 0
1297 0
1274 0
1622 3
1075 0
1439 0
1231 0
974 0
1325 0
712 0
439 0
505 0
1408 0
1512 1
1151 0
1536 2
1367 0
1325 0
1252 0
1159 0
1065 0
1075 0
940 0
951 0
1524 1
813 0
479 0
1576 2
943 0
624 0
1674 3
1492 0
950 0
1632 3
1450 0
1080 0
1461 0
993 0
1526 1
1523 1
1546 2
1201 0
982 0
1582 2
1273 0
941 0
986 0
951 0
764 0
1170 0
1408 0
672 0
1055 0
1367 0
1359 0
993 0
1305 0
1007 0
1357 0
1065 0
1231 0
1037 0
1017 0
1556 1
1538 1
961 0
1044 0
1501 0
1412 0
1273 0
1536 1
1440 0
1138 0
1065 0
1571 3
688 0
1297 0
1419 0
1538 2
1055 0
857 0
1471 0
961 0
621 0
1214 0
1277 0
1580 1
1583 1
1556 3
1654 3
1627 3
817 0
1148 0
1263 0
961 0
1622 3
1525 1
725 0
1234 0
491 0
1318 0
868 0
816 0
644 0
1273 0
995 0
891 0
596 0
608 0
621 0
1008 0
1162 0
673 0
899 0
1524 1
964 0
1180 0
1307 0
777 0
1545 1
790 0
1523 1
1398 0
996 0
1262 0
1439 0
1159 0
1055 0
850 0
1194 0
972 0
993 0
899 0
899 0
685 0
860 0
505 0
1170 0
922 0
1527 1
1580 2
940 0
888 0
972 0
1223 0
1596 2
1221 0
1086 0
1242 0
1087 0
985 0
1526 1
892 0
1482 0
1038 0
1025 0
1055 0
1401 0
687 0
1076 0
1433 0
1159 0
1068 0
1267 0
1429 0
982 0
1505 1
872 0
1544 2
1367 0
996 0
1595 2
1263 0
1193 0
1159 0
1128 0
1180 0
830 0
1182 0
1367 0
1346 0
1585 1
1242 0
972 0
953 0
1075 0
1565 3
1096 0
777 0
1429 0
1450 0
995 0
1296 0
1492 0
1086 0
972 0
1569 0
1256 0
1546 1
975 0
700 0
1191 0
953 0
594 0
932 0
1038 0
1092 0
1127 0
923 0
868 0
1055 0
951 0
1461 0
426 0
686 0
868 0
1099 0
1180 0
774 0
1100 0
1131 0
1530 1
963 0
1577 2
1528 1
1460 0
881 0
933 0
1263 0
1274 0
993 0
951 0
1295 0
751 0
1601 2
1562 1
1593 2
567 0
868 0
1190 0
1086 0
777 0
594 0
1169 0
1242 0
1087 0
1065 0
1569 3
943 0
1242 0
1408 0
1554 1
1034 0
531 0
943 0
1033 0
1242 0
902 0
982 0
1527 1
1662 3
1169 0
672 0
1542 1
1196 0
1534 1
1356 0
1471 0
1274 0
542 0
1367 0
1529 1
1391 0
1055 0
1138 0
1086 0
559 0
961 0
1502 1
377 0
1263 0
1555 2
1055 0
1035 0
1538 1
1298 0
1223 0
972 0
425 0
816 0
764 0
868 0
1540 2
723 0
905 0
1087 0
1284 0
904 0
426 0
1139 0
961 0
993 0
1013 0
871 0
1284 0
1325 0
1065 0
1345 0
1087 0
644 0
1550 1
1515 0
1558 1
1461 0
1346 0
1617 3
1086 0
940 0
1006 0
1466 0
993 0
889 0
899 0
803 0
1612 3
1408 0
1346 0
1263 0
1004 0
1151 0
1339 0
1138 0
1044 0
1273 0
1185 0
1106 0
1367 0
673 0
943 0
725 0
790 0
1065 0
992 0
954 0
1526 1
868 0
518 0
1016 0
1111 0
1065 0
1220 0
1439 0
1356 0
1597 3
870 0
1048 0
709 0
1372 0
1055 0
1141 0
1273 0
976 0
993 0
1034 0
1127 0
1016 0
738 0
647 0
1027 0
1563 2
1044 0
1551 2
1131 0
889 0
1525 0
620 0
777 0
930 0
1242 0
1335 0
1367 0
992 0
554 0
1559 2
1060 0
1653 3
1540 1
1079 0
1550 2
1623 3
1065 0
1349 0
982 0
1014 0
1624 2
673 0
1092 0
1014 0
633 0
1090 0
1086 0
1180 0
961 0
1118 0
1159 0
1065 0
556 0
961 0
972 0
623 0
261 0
1138 0
1086 0
1577 1
1047 0
1086 0
1141 0
902 0
1116 0
1065 0
1044 0
1023 0
1561 2
1346 0
1169 0
1390 0
1529 1
953 0
1007 0
1180 0
972 0
857 0
1372 0
984 0
910 0
765 0
1252 0
374 0
1242 0
1263 0
1179 0
1345 0
1013 0
982 0
1530 1
1183 0
1535 1
1242 0
1599 2
985 0
1007 0
1148 0
1159 0
450 0
1439 0
1087 0
409 0
965 0
1544 1
1220 0
1356 0
1148 0
827 0
1335 0
1118 0
1336 0
1324 0
1418 0
836 0
1367 0
961 0
1390 0
582 0
1221 0
1367 0
1461 0
961 0
634 0
1159 0
1541 1
1391 0
1037 0
1317 0
1253 0
608 0
1357 0
1048 0
871 0
1172 0
1212 0
1601 1
1491 0
985 0
1180 0
1242 0
1120 0
1086 0
860 0
1546 1
1377 0
1539 1
966 0
1276 0
902 0
839 0
1528 1
1419 0
1335 0
1252 0
1639 2
1429 0
888 0
1512 1
847 0
1170 0
1034 0
839 0
975 0
912 0
1044 0
699 0
1170 0
1527 1
1055 0
951 0
1169 0
1460 0
1293 0
1336 0
1267 0
899 0
1086 0
1563 2
712 0
1137 0
1045 0
1186 0
1373 0
995 0
847 0
1484 0
1120 0
1128 0
1545 2
1570 1
909 0
1273 0
701 0
1346 0
761 0
941 0
1563 2
1034 0
571 0
888 0
1221 0
1528 1
1563 3
993 0
673 0
1569 3
1065 0
1065 0
776 0
1329 0
972 0
1356 0
1079 0
994 0
1391 0
569 0
736 0
1149 0
1190 0
1038 0
1335 0
1335 0
857 0
1252 0
1109 0
1501 0
1221 0
878 0
1033 0
982 0
1273 0
1325 0
1529 1
1450 0
1210 0
1495 0
1121 0
1523 1
660 0
595 0
1422 0
888 0
1180 0
1128 0
1016 0
940 0
1007 0
1159 0
1418 0
1528 1
1065 0
1524 1
836 0
1118 0
1076 0
504 0
1149 0
1086 0
1149 0
1590 1
976 0
961 0
725 0
1314 0
1276 0
1242 0
1336 0
439 0
1335 0
993 0
1038 0
1336 0
1138 0
1346 0
1263 0
902 0
1097 0
1551 1
1335 0
1408 0
1235 0
1632 2
1532 1
1546 1
972 0
1253 0
1530 0
1536 1
1225 0
1159 0
964 0
829 0
1037 0
1450 0
1293 0
944 0
1525 1
1076 0
789 0
1076 0
1440 0
993 0
1055 0
1512 1
1231 0
868 0
1076 0
1590 2
1335 0
1325 0
621 0
1541 1
857 0
1408 0
1242 0
1065 0
1597 2
944 0
1556 1
1523 1
648 0
1138 0
1023 0
1263 0
1044 0
1512 1
899 0
1091 0
1530 1
1346 0
1100 0
1012 0
1263 0
1274 0
621 0
1524 0
1450 0
1418 0
672 0
1086 0
1159 0
1367 0
1026 0
1357 0
699 0
1557 2
1609 2
1169 0
879 0
1046 0
1097 0
1471 0
1429 0
847 0
1225 0
1552 1
1086 0
1526 1
879 0
763 0
1253 0
1529 0
1034 0
1044 0
1069 0
1232 0
830 0
1555 2
1121 0
1138 0
1242 0
1170 0
1408 0
962 0
1356 0
1350 0
1245 0
1090 0
1017 0
569 0
1013 0
1108 0
1004 0
558 0
1170 0
1409 0
1534 1
983 0
1080 0
1418 0
972 0
930 0
1180 0
1274 0
1044 0
1525 1
901 0
1442 0
1048 0
1547 2
899 0
1542 1
910 0
803 0
857 0
1659 3
1372 0
1419 0
1224 0
1429 0
919 0
1184 0
1628 2
1535 1
1224 0
982 0
1335 0
623 0
1006 0
1356 0
1263 0
595 0
1528 1
1110 0
868 0
1044 0
1120 0
1234 0
1169 0
1359 0
985 0
1540 1
860 0
1698 3
1148 0
1159 0
1325 0
1578 1
1055 0
1460 0
1588 1
1528 2
1566 2
1231 0
1460 0
972 0
1263 0
1419 0
1128 0
1571 1
1159 0
996 0
1172 0
1169 0
1277 0
1234 0
1279 0
1179 0
889 0
1558 1
1391 0
1533 0
1530 1
972 0
1045 0
1242 0
1252 0
915 0
940 0
830 0
1491 0
738 0
889 0
1370 0
1630 1
923 0
1461 0
1086 0
1559 1
974 0
1003 0
1568 1
1559 2
1089 0
620 0
764 0
738 0
1242 0
1087 0
1336 0
1588 3
1075 0
1450 0
1242 0
1242 0
1568 2
558 0
1550 3
1581 1
1235 0
923 0
1193 0
846 0
1609 1
950 0
1076 0
1308 0
1573 3
1569 1
1570 2
1111 0
1111 0
1566 2
1065 0
1346 0
1461 0
1367 0
1055 0
1580 2
1525 1
1279 0
1571 3
940 0
982 0
1544 1
954 0
1079 0
961 0
1148 0
529 0
1505 0
1526 1
899 0
1242 0
1541 1
878 0
1180 0
1286 0
1359 0
1148 0
777 0
725 0
1138 0
1597 2
1055 0
1065 0
847 0
622 0
932 0
1242 0
857 0
1242 0
1016 0
889 0
1633 2
1555 1
1183 0
1325 0
1297 0
1581 2
1138 0
1231 0
1256 0
700 0
1044 0
427 0
579 0
972 0
1557 1
1231 0
1340 0
1450 0
961 0
1543 2
624 0
1048 0
1461 0
943 0
1138 0
1528 1
972 0
1242 0
1159 0
1148 0
1111 0
1180 0
1263 0
882 0
1356 0
1367 0
1016 0
860 0
1016 0
1531 2
1430 0
870 0
1318 0
1605 3
993 0
1367 0
1474 0
1541 1
1195 0
839 0
1512 1
1242 0
951 0
1185 0
1549 0
1221 0
1055 0
1203 0
1532 1
1450 0
1516 1
1183 0
1252 0
899 0
1210 0
1357 0
1512 0
951 0
985 0
1273 0
1335 0
1110 0
803 0
1065 0
1325 0
621 0
1162 0
1429 0
1536 1
982 0
1057 0
1528 0
1066 0
982 0
1482 0
1274 0
1027 0
1006 0
813 0
1252 0
1242 0
1118 0
1526 1
1242 0
700 0
870 0
504 0
1523 1
868 0
1439 0
1589 2
982 0
1565 1
934 0
728 0
837 0
912 0
1450 0
972 0
1408 0
660 0
1589 2
1159 0
1214 0
1335 0
1007 0
1568 2
1065 0
1387 0
1429 0
982 0
993 0
1545 2
1108 0
871 0
888 0
1450 0
950 0
996 0
1139 0
982 0
1148 0
943 0
1429 0
1419 0
1418 0
1440 0
1681 3
686 0
1529 0
1349 0
1075 0
915 0
1149 0
1502 1
1253 0
1279 0
1409 0
857 0
826 0
940 0
479 0
452 0
961 0
1581 0
941 0
1357 0
1121 0
1567 2
543 0
569 0
1141 0
1315 0
846 0
1075 0
971 0
982 0
1109 0
1593 0
982 0
889 0
1138 0
1047 0
1555 1
1408 0
1460 0
857 0
972 0
1245 0
951 0
1482 0
933 0
1034 0
1418 0
1560 1
941 0
1367 0
1182 0
1076 0
790 0
1559 1
1534 0
517 0
1003 0
878 0
1564 2
1065 0
699 0
712 0
1450 0
1099 0
1541 2
1169 0
1471 0
1325 0
1539 1
790 0
1541 0
1158 0
955 0
1028 0
427 0
1025 0
1044 0
827 0
1231 0
868 0
972 0
1356 0
965 0
1128 0
1159 0
993 0
1148 0
1090 0
1076 0
777 0
914 0
1296 0
1316 0
1408 0
880 0
1024 0
1419 0
1252 0
1225 0
1367 0
1523 1
1429 0
1109 0
1555 1
1563 2
825 0
1148 0
1543 2
1159 0
514 0
859 0
1210 0
1151 0
1108 0
1502 1
1234 0
1304 0
479 0
1305 0
972 0
427 0
1027 0
1534 1
985 0
1214 0
1325 0
1138 0
1017 0
1075 0
1017 0
1065 0
1439 0
1561 1
1159 0
1097 0
1336 0
1428 0
899 0
1057 0
857 0
1315 0
296 0
1148 0
940 0
1283 0
972 0
1346 0
621 0
1461 0
1549 2
830 0
1090 0
738 0
1231 0
1180 0
965 0
837 0
1528 1
1464 0
1015 0
1075 0
649 0
1608 2
1615 2
930 0
1536 0
1325 0
1623 3
993 0
1076 0
940 0
1017 0
663 0
993 0
972 0
839 0
1502 0
1356 0
901 0
726 0
1582 2
1346 0
1474 0
1512 1
478 0
1246 0
1065 0
1565 2
1583 2
1552 2
1037 0
1027 0
984 0
1014 0
1100 0
996 0
997 0
982 0
972 0
889 0
860 0
1399 0
982 0
1494 0
1328 0
1138 0
860 0
1523 1
1408 0
1138 0
631 0
1079 0
901 0
1044 0
1380 0
867 0
888 0
902 0
1138 0
1298 0
1536 1
1055 0
1429 0
1026 0
1315 0
879 0
567 0
1180 0
1397 0
972 0
1466 0
1252 0
982 0
738 0
1589 0
1138 0
1568 1
1399 0
1091 0
1076 0
1397 0
1528 0
1066 0
1089 0
1148 0
1460 0
1006 0
738 0
1231 0
1148 0
1502 0
1526 1
1660 2
1359 0
1180 0
1149 0
1066 0
1585 1
1263 0
634 0
1419 0
1335 0
790 0
1294 0
1530 1
1231 0
750 0
850 0
1037 0
1037 0
1169 0
1432 0
1159 0
1231 0
1356 0
1563 1
1033 0
1212 0
1069 0
1047 0
1505 0
1569 1
688 0
1325 0
1461 0
1387 0
993 0
860 0
1532 1
955 0
1491 0
1577 2
1242 0
1570 2
1117 0
1530 1
1065 0
1297 0
1408 0
1429 0
934 0
1231 0
1485 0
1560 1
1224 0
829 0
1016 0
1272 0
1244 0
608 0
1151 0
1419 0
804 0
1419 0
1138 0
1583 2
674 0
1538 2
1111 0
1319 0
1551 2
1538 1
1603 2
739 0
1603 2
826 0
1529 1
439 0
1221 0
1524 1
961 0
1604 3
1528 1
1138 0
462 0
1037 0
701 0
1530 1
1599 3
787 0
889 0
1099 0
1610 2
1118 0
618 0
1100 0
878 0
1044 0
972 0
1055 0
1358 0
1339 0
1014 0
1356 0
1211 0
985 0
1138 0
962 0
1055 0
1026 0
920 0
1588 3
543 0
1366 0
1092 0
712 0
1242 0
1149 0
940 0
1434 0
1055 0
1005 0
1526 1
1131 0
1527 1
972 0
1562 2
985 0
1546 2
1076 0
1257 0
1491 0
1065 0
1245 0
1541 2
1463 0
1242 0
813 0
1439 0
1541 0
1357 0
1231 0
1531 1
1367 0
1132 0
751 0
540 0
982 0
1127 0
900 0
1151 0
1284 0
1471 0
1159 0
1544 1
1159 0
951 0
450 0
1058 0
1287 0
793 0
672 0
1372 0
1480 0
972 0
1265 0
687 0
942 0
1044 0
1356 0
1148 0
1191 0
1473 0
1549 2
1346 0
1408 0
1646 3
1357 0
1529 1
477 0
1159 0
1076 0
871 0
1169 0
1273 0
1076 0
1037 0
475 0
1563 1
1367 0
1242 0
1044 0
1232 0
1054 0
777 0
1450 0
1047 0
699 0
1180 0
940 0
974 0
1418 0
1224 0
972 0
1235 0
919 0
1541 2
1529 1
1512 1
940 0
1418 0
1068 0
961 0
492 0
1540 1
1307 0
1086 0
1612 3
1024 0
1159 0
1356 0
871 0
1033 0
1232 0
1159 0
1526 1
1087 0
1137 0
1242 0
850 0
1315 0
940 0
1325 0
857 0
169 0
1234 0
1252 0
1024 0
1585 1
1561 2
1390 0
1557 1
1561 2
972 0
1574 3
1559 3
725 0
1502 0
1555 1
1450 0
940 0
951 0
1003 0
1558 1
1213 0
1357 0
594 0
1180 0
634 0
910 0
1356 0
881 0
673 0
1580 3
1536 2
931 0
1589 0
889 0
1356 0
1449 0
912 0
1138 0
1120 0
1234 0
1535 1
1027 0
1132 0
1214 0
1231 0
837 0
1525 1
1090 0
961 0
1066 0
1714 3
569 0
966 0
1562 0
1573 2
1539 1
1159 0
1356 0
1743 3
847 0
1138 0
1152 0
1212 0
982 0
1642 3
1265 0
1429 0
686 0
870 0
899 0
1429 0
1586 1
696 0
1408 0
1045 0
1087 0
993 0
1559 1
1550 3
1091 0
1503 0
1532 0
1335 0
723 0
962 0
1643 3
1408 0
982 0
857 0
672 0
829 0
1089 0
1633 3
888 0
648 0
1450 0
1128 0
1231 0
361 0
983 0
1674 2
1180 0
1451 0
1121 0
1242 0
1066 0
993 0
1603 0
1315 0
930 0
658 0
1200 0
1474 0
1086 0
1065 0
1589 3
583 0
1593 3
950 0
1108 0
1086 0
1432 0
1244 0
1367 0
1346 0
931 0
1461 0
1466 0
1086 0
1159 0
1383 0
975 0
1589 2
609 0
992 0
791 0
1221 0
1431 0
998 0
543 0
1086 0
1076 0
1562 1
1013 0
996 0
1560 2
1231 0
1336 0
1017 0
1055 0
899 0
477 0
1200 0
1528 1
1170 0
1183 0
972 0
961 0
505 0
712 0
449 0
1120 0
1408 0
1450 0
1579 1
1541 2
880 0
1148 0
1068 0
1128 0
986 0
1065 0
1127 0
1546 2
1481 0
1564 1
1369 0
1529 1
954 0
1273 0
1529 1
329 0
1409 0
1148 0
1537 1
1057 0
1366 0
713 0
1159 0
605 0
1170 0
516 0
1367 0
1593 3
840 0
1076 0
1059 0
1524 0
1408 0
930 0
1397 0
1576 3
1065 0
941 0
1075 0
1314 0
899 0
1018 0
1461 0
1556 2
950 0
1054 0
1138 0
1263 0
1006 0
1670 1
1366 0
608 0
1538 1
1138 0
1231 0
955 0
899 0
992 0
1325 0
992 0
1373 0
1419 0
1346 0
1512 1
878 0
726 0
1429 0
982 0
901 0
992 0
975 0
1504 1
1266 0
1037 0
634 0
1546 1
1183 0
899 0
931 0
1076 0
1349 0
762 0
982 0
1096 0
1461 0
1346 0
699 0
1273 0
1512 1
1449 0
751 0
429 0
647 0
993 0
1524 1
1439 0
453 0
1348 0
1127 0
1242 0
1622 2
1579 3
902 0
1016 0
1584 0
1138 0
1110 0
1221 0
778 0
902 0
1584 2
850 0
1541 1
1169 0
1696 2
1128 0
964 0
1465 0
1148 0
1173 0
1618 3
1524 1
777 0
919 0
504 0
1180 0
1432 0
1562 2
1308 0
1527 0
1532 1
940 0
901 0
870 0
1246 0
962 0
889 0
1304 0
1159 0
661 0
868 0
1180 0
871 0
1411 0
725 0
972 0
1531 1
1256 0
1401 0
951 0
686 0
1110 0
1614 2
1673 1
1554 1
1149 0
1524 1
982 0
1138 0
998 0
1180 0
1047 0
857 0
1440 0
1036 0
763 0
1169 0
1463 0
1037 0
868 0
1548 1
1005 0
1169 0
982 0
1055 0
1263 0
1089 0
1159 0
857 0
951 0
1536 2
1047 0
1055 0
922 0
1038 0
1346 0
1273 0
920 0
951 0
1180 0
993 0
1556 1
1252 0
1252 0
944 0
1110 0
1141 0
1523 1
1037 0
972 0
857 0
972 0
1440 0
478 0
465 0
594 0
1246 0
985 0
964 0
1159 0
1231 0
1044 0
1472 0
569 0
1461 0
1069 0
1450 0
1079 0
686 0
1525 1
764 0
765 0
1594 1
1346 0
1026 0
1578 1
1277 0
1159 0
1055 0
1024 0
985 0
686 0
1367 0
1273 0
1527 0
1014 0
868 0
1244 0
1265 0
1141 0
1557 2
1076 0
1111 0
1149 0
993 0
1159 0
1245 0
1027 0
1388 0
951 0
972 0
660 0
1495 0
1525 1
1339 0
1162 0
1170 0
1169 0
1566 1
621 0
1356 0
647 0
857 0
1570 1
1636 2
1461 0
1527 1
857 0
1047 0
1528 0
1338 0
1065 0
488 0
993 0
1079 0
861 0
1366 0
1336 0
1262 0
1539 0
995 0
943 0
1357 0
1590 3
868 0
993 0
1391 0
1357 0
857 0
1097 0
1180 0
1159 0
972 0
1172 0
1242 0
1461 0
1066 0
943 0
623 0
1314 0
1099 0
889 0
1566 2
982 0
1595 2
1564 2
1587 1
961 0
974 0
1221 0
1242 0
1491 0
774 0
1065 0
1583 2
1005 0
1180 0
1151 0
1080 0
531 0
1170 0
1317 0
961 0
1655 2
1360 0
1369 0
544 0
555 0
1222 0
1626 0
1304 0
1294 0
888 0
395 0
1058 0
1370 0
1127 0
881 0
1065 0
974 0
1242 0
1390 0
961 0
905 0
839 0
1572 0
1170 0
1181 0
1346 0
1287 0
1527 0
1539 2
972 0
1097 0
982 0
1045 0
817 0
1035 0
1066 0
752 0
1045 0
899 0
1180 0
1118 0
1540 1
1537 1
1336 0
1515 1
1069 0
530 0
1429 0
1245 0
1159 0
646 0
878 0
1525 1
540 0
951 0
1453 0
1635 3
1636 2
1273 0
1546 2
902 0
1409 0
491 0
1608 3
1149 0
1274 0
943 0
737 0
1065 0
1180 0
595 0
1060 0
1183 0
923 0
439 0
868 0
902 0
1531 1
1273 0
1148 0
816 0
1132 0
1204 0
1179 0
1076 0
1128 0
1563 3
1548 1
962 0
857 0
982 0
857 0
1451 0
1076 0
912 0
1159 0
982 0
923 0
1256 0
998 0
972 0
1110 0
1639 3
1559 3
558 0
1327 0
540 0
1655 2
1231 0
950 0
1544 2
1007 0
1235 0
1065 0
778 0
1541 1
1044 0
1058 0
1305 0
899 0
1482 0
1418 0
955 0
1242 0
1162 0
1128 0
1076 0
1159 0
1551 1
1078 0
1367 0
1529 1
1087 0
871 0
1378 0
1593 2
1442 0
1170 0
465 0
1633 3
1338 0
1024 0
1543 2
688 0
1589 1
1278 0
1314 0
1006 0
558 0
1242 0
1200 0
1263 0
1159 0
1555 2
1065 0
961 0
1539 1
1045 0
1128 0
1044 0
1200 0
1325 0
1159 0
1325 0
1336 0
660 0
1419 0
1203 0
868 0
1058 0
1092 0
1338 0
1528 1
1128 0
826 0
1580 2
903 0
1170 0
902 0
738 0
1367 0
1346 0
1066 0
1159 0
1055 0
1235 0
787 0
931 0
872 0
1541 1
1128 0
1138 0
712 0
1263 0
899 0
621 0
1149 0
1016 0
951 0
1180 0
889 0
1588 1
1148 0
1559 0
1532 1
816 0
751 0
1307 0
1242 0
1546 1
631 0
751 0
1076 0
1548 0
1563 2
1159 0
1065 0
466 0
1048 0
1242 0
1017 0
1524 1
1429 0
1543 1
1118 0
1528 1
1170 0
910 0
951 0
982 0
899 0
1120 0
1539 1
1257 0
1597 2
1170 0
1734 1
961 0
1382 0
942 0
1086 0
1213 0
1315 0
891 0
1556 1
1576 2
1120 0
1439 0
1066 0
761 0
1148 0
972 0
972 0
1159 0
1568 2
1159 0
1235 0
1522 1
1543 1
1098 0
952 0
923 0
954 0
1252 0
579 0
899 0
1242 0
1182 0
1203 0
1055 0
1086 0
621 0
1128 0
871 0
1066 0
1314 0
961 0
1450 0
1529 1
1346 0
1138 0
1599 2
1547 1
904 0
592 0
1558 2
1089 0
1590 1
951 0
1570 1
1234 0
899 0
1183 0
1566 2
803 0
1108 0
857 0
993 0
1044 0
540 0
1159 0
661 0
1408 0
975 0
1111 0
1026 0
1203 0
1461 0
1128 0
1588 2
1221 0
899 0
1439 0
1594 2
1005 0
1377 0
893 0
1461 0
891 0
1055 0
1138 0
1193 0
923 0
1014 0
1460 0
1252 0
1512 1
1102 0
998 0
859 0
1107 0
1122 0
451 0
878 0
889 0
1524 0
1535 1
1055 0
951 0
1325 0
1263 0
1273 0
1231 0
993 0
1461 0
1127 0
1359 0
1263 0
1524 1
899 0
1466 0
900 0
1255 0
1131 0
1530 1
1639 2
1440 0
1034 0
1274 0
1442 0
1273 0
734 0
1087 0
847 0
1572 2
1545 1
1429 0
829 0
750 0
466 0
1356 0
1399 0
1065 0
898 0
661 0
748 0
1538 1
1579 2
847 0
1570 1
1378 0
1044 0
1537 0
1433 0
1180 0
950 0
870 0
1231 0
1336 0
859 0
878 0
1044 0
1401 0
1531 1
1180 0
634 0
889 0
1065 0
1274 0
799 0
1047 0
1656 3
1541 1
878 0
857 0
635 0
647 0
933 0
1151 0
1058 0
452 0
491 0
1429 0
940 0
982 0
1548 1
892 0
1033 0
964 0
878 0
1221 0
1023 0
899 0
1501 0
1273 0
1141 0
1203 0
1418 0
903 0
930 0
1439 0
920 0
972 0
1522 1
1163 0
829 0
1535 1
1450 0
975 0
1325 0
1007 0
1589 2
1263 0
1274 0
1585 0
1183 0
1184 0
974 0
1033 0
993 0
647 0
1231 0
849 0
1607 2
1535 1
1297 0
1598 2
1193 0
1532 0
1263 0
632 0
1284 0
1076 0
1569 2
1577 2
1184 0
1450 0
839 0
953 0
1608 2
1629 3
1527 1
1091 0
699 0
892 0
951 0
1034 0
1275 0
1023 0
1141 0
1242 0
1554 2
1412 0
1584 1
1419 0
1252 0
950 0
1086 0
1221 0
902 0
1440 0
502 0
1550 1
1536 0
1591 3
1076 0
1278 0
1131 0
922 0
1346 0
982 0
1525 1
438 0
998 0
1555 1
1194 0
1557 1
517 0
1545 1
1245 0
1544 1
1547 1
1590 2
1204 0
1252 0
1367 0
479 0
1048 0
1016 0
1263 0
868 0
1297 0
1263 0
1443 0
1137 0
1433 0
1544 1
686 0
951 0
1180 0
1273 0
889 0
1512 1
1086 0
1568 2
933 0
1524 1
1120 0
1231 0
1120 0
1516 0
1563 1
1117 0
965 0
1128 0
982 0
1357 0
1221 0
1255 0
899 0
1120 0
899 0
1530 1
1057 0
1401 0
1529 1
1169 0
1065 0
898 0
1463 0
1256 0
871 0
902 0
1345 0
1512 1
951 0
1529 1
857 0
951 0
1529 1
1317 0
395 0
1203 0
1180 0
961 0
1159 0
737 0
1068 0
1034 0
532 0
1253 0
961 0
1538 2
951 0
1550 1
1090 0
1559 1
1461 0
1549 3
1159 0
1076 0
1622 0
634 0
972 0
1442 0
933 0
1532 0
1439 0
1529 1
1076 0
1460 0
1556 2
1169 0
1694 2
1170 0
649 0
951 0
839 0
1138 0
1367 0
1429 0
1460 0
1055 0
1128 0
1242 0
1054 0
1367 0
1148 0
1055 0
1086 0
971 0
1190 0
1159 0
1055 0
1522 1
1034 0
777 0
752 0
1524 1
1594 2
1432 0
1266 0
1086 0
1325 0
1055 0
857 0
1631 2
623 0
1065 0
1421 0
1169 0
941 0
1049 0
839 0
1547 2
1076 0
1221 0
943 0
1274 0
1055 0
891 0
764 0
1055 0
1474 0
1141 0
1529 1
764 0
1148 0
1552 2
982 0
543 0
954 0
1023 0
1284 0
1016 0
568 0
1295 0
1430 0
1325 0
1491 0
634 0
1057 0
1502 1
1532 1
940 0
1173 0
1068 0
1325 0
803 0
1109 0
1526 0
1161 0
1536 2
1159 0
1068 0
1526 1
1087 0
1003 0
804 0
972 0
1205 0
1169 0
1253 0
647 0
1044 0
1546 0
1528 2
1287 0
1150 0
950 0
1524 1
1183 0
1242 0
1492 0
595 0
1169 0
1535 1
1502 0
1273 0
850 0
982 0
1317 0
1103 0
1429 0
920 0
1231 0
1367 0
1315 0
1346 0
868 0
1335 0
1450 0
922 0
1263 0
1529 1
726 0
857 0
1284 0
1644 3
1602 0
1058 0
1439 0
971 0
868 0
982 0
1356 0
1180 0
1006 0
920 0
975 0
1294 0
974 0
878 0
465 0
1108 0
1523 0
1242 0
622 0
1525 1
1453 0
1360 0
1100 0
905 0
1338 0
647 0
1231 0
1547 1
1491 0
1286 0
608 0
1055 0
1645 2
1235 0
1371 0
1025 0
1346 0
1204 0
1552 1
1494 0
1589 2
1466 0
1045 0
1429 0
1315 0
1460 0
1076 0
277 0
888 0
1048 0
713 0
1546 1
1562 2
1367 0
1548 1
1367 0
738 0
1305 0
861 0
972 0
751 0
1076 0
1555 2
1325 0
857 0
826 0
1183 0
1059 0
1314 0
1065 0
1159 0
1346 0
1533 1
900 0
764 0
1549 1
1138 0
1524 1
1449 0
1008 0
1097 0
1356 0
857 0
1076 0
993 0
582 0
1086 0
850 0
1411 0
1525 1
1200 0
1450 0
944 0
1622 1
1523 1
1137 0
972 0
1129 0
1531 1
1110 0
1450 0
1169 0
1179 0
901 0
912 0
790 0
1161 0
1054 0
891 0
1525 1
648 0
1582 1
1314 0
951 0
1547 1
1607 1
1128 0
1429 0
617 0
491 0
868 0
1484 0
1587 2
951 0
1055 0
1078 0
1537 1
582 0
699 0
1598 3
1059 0
1560 2
1215 0
836 0
982 0
971 0
1615 3
1169 0
1263 0
1131 0
1244 0
1242 0
1169 0
557 0
1086 0
1336 0
1429 0
1234 0
857 0
1028 0
972 0
1527 1
1049 0
944 0
1137 0
1023 0
1613 2
1142 0
583 0
1273 0
1159 0
1582 1
1045 0
436 0
1454 0
342 0
963 0
1009 0
1533 1
1345 0
1450 0
1193 0
1543 2
1221 0
1076 0
672 0
1007 0
1512 0
1037 0
1346 0
1512 1
1065 0
1086 0
961 0
1221 0
1255 0
1252 0
1485 0
1180 0
1512 0
1148 0
1428 0
751 0
1408 0
1315 0
1047 0
1346 0
861 0
1624 3
1242 0
993 0
1058 0
1055 0
1273 0
661 0
1148 0
983 0
1346 0
1531 1
777 0
1065 0
1542 1
1567 2
1525 1
1539 0
1346 0
1367 0
1024 0
279 0
1450 0
878 0
1128 0
867 0
872 0
1547 0
1159 0
1076 0
830 0
1346 0
1065 0
1242 0
1180 0
751 0
1068 0
1631 3
1180 0
951 0
1336 0
1273 0
1138 0
1655 1
804 0
1044 0
1127 0
1646 0
1159 0
993 0
1528 1
1225 0
1531 1
1589 0
1356 0
881 0
1016 0
1560 1
951 0
1274 0
868 0
1561 2
816 0
1141 0
1027 0
1151 0
329 0
902 0
1542 2
1221 0
878 0
837 0
986 0
426 0
964 0
1131 0
1158 0
860 0
857 0
1531 1
1461 0
892 0
1545 1
998 0
1180 0
881 0
1180 0
1523 1
1131 0
1017 0
899 0
1563 1
1183 0
1044 0
1603 3
965 0
752 0
1203 0
1418 0
944 0
881 0
889 0
1138 0
1528 1
1086 0
1560 3
902 0
1014 0
1128 0
1182 0
1159 0
1128 0
1356 0
1550 1
777 0
961 0
1065 0
1356 0
1055 0
1545 2
699 0
878 0
879 0
1613 3
1263 0
1576 2
1159 0
1739 3
1305 0
1319 0
813 0
975 0
1579 1
1193 0
923 0
888 0
1528 1
1495 0
1464 0
1026 0
750 0
1586 2
1577 2
1242 0
1086 0
993 0
1356 0
1065 0
712 0
1442 0
1576 2
1120 0
793 0
1367 0
724 0
688 0
1533 0
940 0
1263 0
1551 2
1152 0
1138 0
922 0
1159 0
1577 1
475 0
723 0
1065 0
1542 2
889 0
996 0
1603 2
954 0
752 0
1242 0
983 0
868 0
1214 0
777 0
1086 0
982 0
1461 0
1180 0
1138 0
1076 0
1525 1
1045 0
1526 1
838 0
881 0
933 0
982 0
941 0
1034 0
1535 1
1252 0
954 0
889 0
1586 3
965 0
881 0
1460 0
899 0
1542 1
699 0
1651 2
1349 0
1449 0
1055 0
1159 0
487 0
722 0
1318 0
964 0
505 0
1276 0
1649 2
1231 0
1158 0
1356 0
1092 0
899 0
1242 0
1034 0
924 0
1044 0
993 0
955 0
1173 0
1034 0
982 0
1512 0
1356 0
940 0
608 0
1059 0
792 0
1450 0
1325 0
1274 0
1484 0
1440 0
923 0
1159 0
1461 0
410 0
1523 1
1553 2
982 0
1131 0
1170 0
1023 0
1152 0
540 0
961 0
1202 0
711 0
1491 0
1204 0
912 0
934 0
1569 2
1558 2
592 0
910 0
951 0
543 0
1055 0
1173 0
1204 0
951 0
1356 0
635 0
1169 0
1047 0
1651 2
1159 0
1529 1
982 0
490 0
542 0
1252 0
1086 0
1561 1
1531 1
1203 0
1220 0
1536 0
543 0
1054 0
1599 3
1580 2
899 0
1048 0
972 0
1085 0
1159 0
972 0
1162 0
1273 0
1273 0
1533 1
1397 0
423 0
1027 0
1529 1
982 0
686 0
1120 0
1065 0
633 0
1306 0
1432 0
736 0
1539 1
1214 0
902 0
1190 0
648 0
1606 2
829 0
1536 1
961 0
1484 0
608 0
1279 0
1076 0
763 0
1576 2
1705 3
1277 0
1349 0
1532 1
553 0
1148 0
1086 0
608 0
1465 0
1439 0
1568 1
761 0
1534 1
1461 0
870 0
1274 0
1169 0
1599 2
1236 0
621 0
972 0
1180 0
900 0
1304 0
1561 3
1044 0
933 0
1293 0
1037 0
1378 0
1586 3
912 0
1006 0
1608 2
1597 0
1528 1
1367 0
860 0
738 0
985 0
1570 3
1550 1
889 0
581 0
974 0
1460 0
1069 0
1325 0
1231 0
1128 0
870 0
1138 0
954 0
1561 1
1339 0
1565 2
1099 0
1075 0
1117 0
1325 0
1242 0
839 0
889 0
1335 0
1213 0
1528 1
1419 0
1148 0
1545 2
1537 1
933 0
951 0
1582 3
1055 0
1545 1
1211 0
518 0
1295 0
595 0
850 0
919 0
1567 1
1089 0
1232 0
579 0
1203 0
1122 0
878 0
984 0
1540 1
1440 0
888 0
1557 1
1035 0
765 0
1213 0
1549 2
1555 2
777 0
943 0
1089 0
1159 0
790 0
791 0
1325 0
1367 0
881 0
951 0
1231 0
837 0
1461 0
1549 2
543 0
1599 2
1398 0
1589 1
1214 0
951 0
1279 0
1526 1
891 0
1055 0
1025 0
1408 0
1367 0
1274 0
1533 1
1180 0
996 0
1461 0
1086 0
709 0
1273 0
1278 0
1562 2
1274 0
961 0
792 0
1006 0
847 0
1149 0
1089 0
923 0
1335 0
700 0
857 0
1562 1
1335 0
393 0
1014 0
982 0
531 0
1047 0
1336 0
1076 0
1512 0
912 0
1245 0
1315 0
618 0
1194 0
964 0
851 0
1159 0
1527 1
951 0
1380 0
1214 0
1088 0
1034 0
1117 0
1461 0
1439 0
631 0
1367 0
1335 0
982 0
1263 0
961 0
1530 1
993 0
1274 0
1555 2
1569 1
1381 0
899 0
839 0
1213 0
933 0
1055 0
1174 0
867 0
923 0
1325 0
1159 0
1325 0
1492 0
995 0
1537 1
