1583 2
1255 0
1200 0
1481 0
1491 0
1211 0
1574 1
1740 3
878 0
868 0
1003 0
1422 0
1662 3
1737 3
1119 0
1118 0
1532 1
1554 2
951 0
1200 0
1335 0
1127 0
1087 0
1564 1
1526 1
1307 0
1076 0
1225 0
1193 0
1242 0
1055 0
1532 1
1169 0
868 0
889 0
1367 0
1474 0
1460 0
836 0
1096 0
1530 1
951 0
1252 0
972 0
1036 0
899 0
1100 0
1294 0
1128 0
1087 0
1628 2
1263 0
1624 3
1599 2
933 0
871 0
1460 0
1283 0
1191 0
1318 0
951 0
1318 0
1571 3
1681 3
1142 0
1618 2
1191 0
1450 0
1610 2
1066 0
1546 2
1525 1
1107 0
1253 0
1550 2
1526 1
1367 0
1149 0
1152 0
1075 0
1346 0
1138 0
909 0
1471 0
1243 0
923 0
1523 1
893 0
1548 1
1380 0
1055 0
1149 0
1347 0
1262 0
1564 2
1179 0
1594 1
1221 0
1535 1
1537 1
1232 0
951 0
1531 1
1552 1
944 0
1545 0
1201 0
1585 3
1422 0
1336 0
1336 0
965 0
1601 3
1159 0
923 0
1003 0
1252 0
1132 0
1539 0
1367 0
1523 0
972 0
1475 0
1131 0
1024 0
923 0
1662 3
1142 0
975 0
1097 0
1158 0
1044 0
1107 0
1085 0
1107 0
839 0
1542 1
622 0
1163 0
1565 1
1211 0
972 0
1204 0
902 0
1625 2
1556 1
1044 0
1527 1
996 0
1585 0
1320 0
1162 0
570 0
1540 0
1244 0
1120 0
1586 1
889 0
975 0
1594 0
1336 0
1096 0
1335 0
1180 0
1346 0
857 0
1512 0
951 0
1609 2
1588 0
827 0
1150 0
1263 0
1058 0
1048 0
1566 0
1540 0
1537 1
636 0
1324 0
1169 0
774 0
1566 1
913 0
1068 0
1148 0
1505 0
1214 0
1130 0
1076 0
1474 0
1649 2
1526 1
951 0
1556 2
1055 0
1527 1
1526 1
983 0
1148 0
1526 0
1586 3
1014 0
1462 0
1297 0
1034 0
1613 2
1044 0
752 0
631 0
1150 0
661 0
850 0
1451 0
1561 2
992 0
802 0
1005 0
1502 0
1526 1
1023 0
1242 0
1252 0
1572 1
878 0
1527 0
1138 0
940 0
1242 0
972 0
1526 1
1180 0
1399 0
1450 0
930 0
1578 1
1169 0
983 0
971 0
1596 2
1584 3
1368 0
1523 0
1502 1
1252 0
618 0
1583 1
1549 0
556 0
858 0
847 0
1055 0
921 0
1035 0
1570 0
1221 0
1128 0
1347 0
899 0
879 0
1315 0
1512 0
1626 2
1553 0
1502 0
1574 0
1602 0
1512 1
1527 1
1547 0
1006 0
1047 0
1037 0
760 0
888 0
983 0
1190 0
1556 1
1503 0
940 0
1294 0
1388 0
889 0
1566 1
1284 0
1665 2
1148 0
1559 1
1736 0
1391 0
1100 0
1570 0
920 0
1211 0
1471 0
1512 1
1159 0
1283 0
1481 0
951 0
1252 0
1433 0
1225 0
1131 0
1335 0
1526 1
1579 0
826 0
1561 2
983 0
1058 0
1512 1
1551 0
1263 0
1183 0
1211 0
878 0
839 0
1563 0
1225 0
1572 2
1139 0
1076 0
1068 0
1067 0
847 0
1525 1
1503 0
1003 0
996 0
1529 1
892 0
899 0
1367 0
1552 2
1304 0
1556 0
1315 0
919 0
1556 2
888 0
1107 0
1530 1
1117 0
1367 0
1569 1
1055 0
1481 0
813 0
1546 1
1024 0
1201 0
1087 0
1024 0
1526 1
1179 0
1535 1
1380 0
1592 0
930 0
1221 0
1076 0
1441 0
1536 1
1356 0
1356 0
1078 0
1308 0
1546 1
1108 0
1512 1
867 0
1592 2
1138 0
1096 0
814 0
1545 2
1346 0
858 0
1419 0
910 0
1263 0
914 0
1545 1
1263 0
1730 3
1502 0
1586 2
867 0
1148 0
1024 0
1107 0
696 0
763 0
1297 0
931 0
1621 2
1582 0
1568 2
1602 3
1482 0
1263 0
1128 0
1561 2
764 0
1055 0
1242 0
847 0
1267 0
961 0
1283 0
1034 0
1559 0
790 0
850 0
1610 2
934 0
1159 0
466 0
1388 0
1194 0
1003 0
1013 0
1211 0
1107 0
1172 0
1151 0
1430 0
1570 1
1523 1
1367 0
847 0
1566 1
930 0
1100 0
1429 0
1577 0
1545 0
871 0
1138 0
1608 3
1315 0
1003 0
1211 0
1618 2
1418 0
1003 0
1035 0
1346 0
1580 2
951 0
871 0
840 0
1263 0
1535 1
1513 0
1450 0
1252 0
1536 0
1211 0
1097 0
1347 0
1231 0
1159 0
1356 0
1256 0
1579 1
1502 0
870 0
1559 0
1367 0
1107 0
1388 0
982 0
1016 0
1149 0
709 0
1267 0
840 0
1294 0
1546 1
1512 1
1642 3
634 0
1559 0
1047 0
1328 0
983 0
1398 0
1128 0
849 0
850 0
920 0
1548 0
1356 0
1096 0
1377 0
1252 0
1549 0
1003 0
847 0
889 0
1263 0
1539 1
1243 0
837 0
1242 0
1583 1
1523 1
1592 0
1182 0
1346 0
1460 0
972 0
1003 0
1367 0
1231 0
1191 0
1294 0
1304 0
1591 3
1244 0
1037 0
1541 0
1263 0
1460 0
982 0
1128 0
1035 0
847 0
878 0
1107 0
1533 1
1284 0
1525 0
1283 0
636 0
879 0
1191 0
1568 1
1214 0
1453 0
971 0
1381 0
1027 0
1440 0
1367 0
1572 2
1525 0
982 0
1592 1
1266 0
1193 0
868 0
1597 2
657 0
1006 0
1089 0
1552 0
1193 0
1398 0
1530 1
1471 0
1592 3
1265 0
1215 0
920 0
1548 1
1148 0
1191 0
840 0
1315 0
1584 0
1294 0
1035 0
1263 0
1315 0
1159 0
930 0
1412 0
1137 0
1628 2
951 0
763 0
961 0
1151 0
1142 0
1055 0
847 0
1222 0
1159 0
673 0
1613 2
1078 0
1295 0
839 0
1078 0
1223 0
934 0
1527 1
1297 0
1335 0
1439 0
930 0
1485 0
1003 0
923 0
1356 0
878 0
1367 0
1598 1
1087 0
972 0
1314 0
1191 0
1550 0
1159 0
1525 0
1179 0
1055 0
1200 0
1360 0
1211 0
1589 0
1387 0
1367 0
1408 0
1128 0
1430 0
1211 0
1335 0
1549 0
1034 0
889 0
1439 0
1655 0
1408 0
1387 0
1527 1
816 0
1096 0
1035 0
1492 0
1547 1
899 0
1037 0
1194 0
1558 0
1128 0
1512 0
912 0
1451 0
1026 0
933 0
1169 0
1387 0
1076 0
1573 0
1295 0
920 0
889 0
992 0
1621 3
982 0
1148 0
1555 2
961 0
1087 0
1263 0
1530 1
1139 0
961 0
899 0
1411 0
1491 0
1608 0
951 0
1328 0
951 0
1047 0
1272 0
1471 0
1460 0
1005 0
1524 0
1590 1
1284 0
930 0
1346 0
1359 0
879 0
1391 0
1503 0
1524 1
964 0
1035 0
1743 0
1560 2
1182 0
1567 0
951 0
940 0
1325 0
1089 0
1141 0
1326 0
1528 1
1572 0
1388 0
1159 0
889 0
1460 0
1546 0
1190 0
877 0
985 0
1170 0
1107 0
1541 0
1221 0
1211 0
1006 0
1097 0
1138 0
1027 0
1460 0
1329 0
1440 0
1087 0
881 0
1367 0
1335 0
1252 0
941 0
1505 1
1564 1
776 0
1004 0
1419 0
1474 0
1541 1
1633 0
1138 0
735 0
1110 0
1450 0
1553 2
1524 0
1263 0
813 0
1294 0
860 0
1024 0
1537 0
1419 0
942 0
1367 0
1592 0
1013 0
1190 0
1579 0
889 0
1450 0
1529 1
1232 0
1620 3
1358 0
1335 0
712 0
972 0
1191 0
944 0
1003 0
839 0
1180 0
1044 0
1138 0
1346 0
1556 1
1201 0
1335 0
857 0
992 0
1532 0
1356 0
1288 0
951 0
1138 0
1502 0
1471 0
1200 0
1460 0
1601 0
1538 0
1242 0
1552 0
698 0
993 0
1058 0
1527 1
1559 0
1148 0
1535 1
491 0
1003 0
919 0
1308 0
1096 0
942 0
1451 0
1107 0
1242 0
709 0
1191 0
1203 0
1055 0
1585 0
1453 0
1582 2
1294 0
1620 0
761 0
1232 0
1201 0
1539 1
923 0
1173 0
1034 0
1545 0
1283 0
1035 0
622 0
1534 1
900 0
930 0
1045 0
1304 0
1548 2
944 0
1232 0
1128 0
1232 0
1439 0
1460 0
1284 0
945 0
1398 0
1862 1
605 0
762 0
1008 0
1315 0
1193 0
1211 0
982 0
1402 0
1096 0
1408 0
1592 3
1232 0
1574 0
951 0
1450 0
1190 0
1232 0
1076 0
878 0
1235 0
1543 0
1149 0
982 0
1148 0
1162 0
919 0
1169 0
1024 0
1007 0
1169 0
1087 0
888 0
1492 0
951 0
982 0
923 0
1231 0
1442 0
951 0
1602 3
1652 3
964 0
1263 0
1568 0
1546 1
1367 0
1201 0
1107 0
879 0
1026 0
1034 0
1409 0
1211 0
1044 0
899 0
1024 0
1138 0
1254 0
1683 1
1130 0
1294 0
1127 0
1232 0
1315 0
1068 0
1245 0
1139 0
1003 0
923 0
1200 0
1652 3
941 0
1148 0
1162 0
1400 0
1283 0
1035 0
1193 0
1211 0
1141 0
1527 0
1399 0
1599 1
1035 0
1557 2
1562 1
1096 0
1570 2
922 0
802 0
1338 0
920 0
1576 1
1335 0
1055 0
1193 0
1201 0
940 0
1148 0
1573 1
1712 0
1366 0
1607 2
1532 0
1214 0
1540 1
1096 0
739 0
1409 0
902 0
951 0
1097 0
1107 0
1243 0
804 0
1476 0
1503 0
961 0
1634 2
1540 1
950 0
1590 0
1485 0
1089 0
1183 0
847 0
1583 2
1450 0
1035 0
1335 0
1024 0
868 0
951 0
1224 0
713 0
1502 0
1605 0
1028 0
1210 0
1139 0
1076 0
1024 0
951 0
1643 2
1529 1
1551 1
1315 0
1419 0
1552 0
1471 0
1055 0
1592 0
1335 0
1139 0
931 0
1367 0
1265 0
1191 0
929 0
1546 0
1460 0
1211 0
1527 1
934 0
1640 0
1367 0
1544 1
964 0
1335 0
1037 0
836 0
1419 0
1065 0
1002 0
478 0
951 0
1460 0
1357 0
1055 0
1346 0
1570 2
1130 0
1044 0
1574 0
1023 0
954 0
1294 0
1231 0
1338 0
1523 0
974 0
1058 0
860 0
1287 0
1335 0
1069 0
1524 0
1224 0
1397 0
996 0
1295 0
1579 2
1526 1
1408 0
1107 0
1148 0
1535 0
1180 0
1539 1
1527 0
1086 0
1120 0
1536 2
1003 0
790 0
964 0
1107 0
1107 0
1159 0
836 0
1348 0
1204 0
1349 0
1356 0
1297 0
1640 0
1037 0
1200 0
1359 0
933 0
1614 2
1283 0
1662 3
1346 0
1044 0
1527 1
1336 0
1096 0
1200 0
1604 0
1369 0
1097 0
1075 0
725 0
1527 1
1193 0
1034 0
1562 0
1542 1
1557 0
1076 0
1128 0
1573 0
1304 0
1048 0
983 0
1525 1
1294 0
1210 0
1602 2
1005 0
1065 0
1216 0
860 0
1089 0
1024 0
803 0
848 0
1107 0
951 0
1523 0
1191 0
1502 0
1549 0
1162 0
923 0
1527 0
1035 0
1503 0
993 0
1542 1
1526 1
1419 0
1180 0
1242 0
1463 0
1087 0
1623 1
1162 0
1419 0
1086 0
1553 1
1568 0
1529 0
1183 0
1634 3
1003 0
1179 0
1295 0
1590 0
1535 1
1121 0
1035 0
1440 0
1628 0
517 0
1398 0
1231 0
1580 1
1370 0
986 0
1044 0
1003 0
1169 0
1408 0
985 0
1243 0
1200 0
1180 0
1512 1
1592 2
1526 1
1512 1
1024 0
1075 0
983 0
1350 0
1641 3
1367 0
850 0
1128 0
1304 0
1287 0
1252 0
739 0
1450 0
790 0
1419 0
1557 0
1149 0
1594 0
1398 0
1356 0
1419 0
1045 0
1578 1
1076 0
579 0
1399 0
1044 0
1315 0
1015 0
1003 0
1055 0
961 0
619 0
1044 0
1600 0
899 0
1231 0
1523 0
1641 0
1174 0
1308 0
1159 0
1034 0
1346 0
1107 0
1039 0
1283 0
1541 0
1315 0
1537 0
1232 0
1570 1
556 0
1211 0
1055 0
1162 0
985 0
1086 0
836 0
993 0
1377 0
1315 0
518 0
1579 0
1076 0
1542 1
1210 0
1066 0
1573 0
1471 0
738 0
982 0
1034 0
1530 0
1602 0
1547 1
857 0
1572 2
1399 0
621 0
1402 0
1512 0
1138 0
1537 0
544 0
1017 0
1460 0
1388 0
1128 0
1552 2
1211 0
1512 0
1566 2
1232 0
1242 0
1162 0
1512 1
1325 0
1439 0
930 0
1180 0
1547 1
940 0
1527 1
1066 0
1190 0
1128 0
993 0
1159 0
1117 0
1190 0
912 0
940 0
1526 1
1552 1
1076 0
859 0
1034 0
726 0
1295 0
1356 0
1087 0
1464 0
1153 0
1180 0
1148 0
930 0
1525 1
1314 0
1541 2
1044 0
923 0
1388 0
1169 0
1097 0
1546 2
847 0
1232 0
1570 0
1159 0
1128 0
1138 0
1583 2
1412 0
1535 2
1263 0
899 0
974 0
1578 2
931 0
965 0
1471 0
708 0
1556 2
1284 0
1304 0
1128 0
920 0
1408 0
1566 2
1023 0
1433 0
1603 2
1045 0
1159 0
1428 0
1283 0
1524 1
836 0
1356 0
1450 0
920 0
1173 0
1599 0
1078 0
1139 0
1502 0
965 0
1590 3
1356 0
1295 0
1035 0
847 0
1526 0
934 0
1460 0
1044 0
1117 0
1460 0
1252 0
1159 0
1242 0
1536 1
1055 0
1400 0
1346 0
1336 0
1529 0
1397 0
901 0
1599 1
1069 0
1008 0
868 0
1471 0
1242 0
1398 0
1532 2
1190 0
1276 0
1530 1
1539 1
882 0
1180 0
913 0
1130 0
1098 0
1605 2
1627 3
1601 1
804 0
972 0
993 0
1255 0
901 0
1527 1
1016 0
1159 0
1336 0
1564 0
1561 1
1512 0
1016 0
1484 0
1243 0
877 0
891 0
847 0
1027 0
871 0
1502 0
1107 0
1075 0
1263 0
1634 0
1552 1
1590 2
1531 1
1044 0
751 0
764 0
1024 0
931 0
1540 0
858 0
687 0
1515 0
1284 0
1203 0
1231 0
1087 0
1131 0
1460 0
1232 0
1003 0
1550 1
1035 0
1550 1
1571 2
903 0
363 0
1569 2
995 0
1179 0
982 0
982 0
1242 0
1127 0
1398 0
951 0
1541 0
1594 0
1107 0
1276 0
1014 0
789 0
1045 0
1294 0
951 0
1180 0
992 0
1418 0
841 0
1450 0
1139 0
1572 3
1149 0
1139 0
1003 0
1336 0
1553 1
1254 0
1564 2
1180 0
1024 0
1531 0
1408 0
944 0
1149 0
847 0
1685 0
1597 0
1058 0
1530 1
1464 0
1087 0
1211 0
1097 0
1679 3
837 0
1551 1
1329 0
686 0
1024 0
1200 0
1619 0
1591 2
1388 0
1367 0
1180 0
1065 0
992 0
1443 0
1547 2
1183 0
950 0
960 0
1169 0
1335 0
1505 0
1017 0
1027 0
1392 0
1149 0
1474 0
1194 0
1398 0
1076 0
1329 0
1398 0
847 0
1309 0
1182 0
1538 2
1471 0
1253 0
1107 0
1148 0
813 0
1087 0
760 0
1558 0
1131 0
1524 0
1524 0
1265 0
1557 0
920 0
1035 0
1317 0
1034 0
1408 0
1231 0
1460 0
1555 0
1450 0
1211 0
909 0
1180 0
1252 0
1528 1
941 0
1044 0
1314 0
837 0
1013 0
1304 0
1560 0
1076 0
1565 1
1158 0
1265 0
1003 0
787 0
1544 0
1141 0
657 0
1200 0
1158 0
871 0
1578 0
1540 1
1231 0
847 0
868 0
1009 0
1059 0
1346 0
910 0
1613 2
1117 0
394 0
951 0
1231 0
1656 1
1366 0
1536 1
1132 0
1460 0
1377 0
1439 0
1398 0
1449 0
1086 0
1191 0
1335 0
1565 0
1592 0
1107 0
1318 0
1068 0
1243 0
1079 0
1551 1
1003 0
1096 0
1593 1
1523 2
1523 1
1533 0
1492 0
1346 0
953 0
1191 0
725 0
1100 0
1387 0
847 0
891 0
1471 0
1356 0
1075 0
1408 0
1035 0
1599 2
1512 1
1211 0
1524 0
1512 0
1439 0
1159 0
878 0
1523 0
1419 0
1190 0
1078 0
1159 0
847 0
1613 0
1704 2
1243 0
1055 0
1528 1
1002 0
1381 0
1138 0
1572 1
860 0
1096 0
1242 0
1598 1
860 0
1549 2
963 0
1350 0
1315 0
1283 0
1578 1
581 0
1235 0
879 0
1460 0
1272 0
1211 0
913 0
1439 0
1635 2
1370 0
1369 0
881 0
1591 2
902 0
1526 0
1537 0
1558 2
1068 0
726 0
1612 0
1107 0
1419 0
1501 0
1220 0
1100 0
1452 0
1442 0
1307 0
1159 0
1075 0
1491 0
1055 0
982 0
1242 0
1550 0
879 0
722 0
1139 0
878 0
1200 0
972 0
1295 0
1401 0
1439 0
1045 0
765 0
1179 0
1151 0
1538 0
1597 0
1024 0
972 0
920 0
1263 0
1523 0
604 0
1575 3
1451 0
1169 0
1642 2
1568 0
1387 0
878 0
912 0
1492 0
1263 0
1547 0
982 0
1338 0
579 0
1057 0
888 0
1532 0
1563 2
899 0
817 0
1024 0
1231 0
1593 0
1524 0
890 0
1315 0
774 0
1058 0
1024 0
1234 0
1069 0
1529 0
847 0
1087 0
1346 0
1439 0
1602 2
1591 1
1128 0
1024 0
1528 0
972 0
1035 0
1139 0
777 0
761 0
899 0
1604 2
1572 3
847 0
889 0
1539 0
1089 0
983 0
1016 0
1516 0
1138 0
1552 0
1252 0
1169 0
1109 0
1139 0
1263 0
1107 0
1555 1
1576 2
1571 2
1552 1
1096 0
1523 1
1076 0
1580 1
1297 0
1522 0
1138 0
605 0
1242 0
1090 0
930 0
878 0
1117 0
1245 0
1588 2
1262 0
1142 0
1057 0
1003 0
955 0
1211 0
1397 0
1231 0
1587 1
749 0
1179 0
1096 0
878 0
1526 1
661 0
505 0
1528 1
1369 0
996 0
1587 1
1398 0
1502 0
1560 1
1139 0
1535 1
1567 3
1245 0
1138 0
1650 2
1388 0
1502 0
888 0
1203 0
1722 3
1252 0
1561 1
1076 0
1076 0
1549 1
836 0
1263 0
1315 0
1538 0
1491 0
1201 0
951 0
817 0
1214 0
1528 2
878 0
1388 0
920 0
829 0
1534 1
879 0
1601 2
453 0
1613 3
1526 1
1107 0
1107 0
1242 0
1527 1
1141 0
1097 0
1162 0
1335 0
1526 1
1044 0
1087 0
1547 1
1569 0
993 0
1552 1
1169 0
1625 1
1356 0
985 0
1107 0
951 0
1024 0
1284 0
661 0
1325 0
1138 0
899 0
1356 0
1552 1
1024 0
1540 1
1356 0
1204 0
673 0
1276 0
1346 0
1098 0
1605 2
1128 0
1211 0
1254 0
930 0
962 0
911 0
1128 0
1439 0
1592 2
1315 0
1200 0
1398 0
1336 0
1304 0
1492 0
972 0
1013 0
1159 0
1399 0
1191 0
1003 0
1252 0
1572 2
1058 0
1234 0
1201 0
1387 0
1491 0
1014 0
1401 0
1295 0
1450 0
1547 0
1075 0
1180 0
1026 0
1749 0
1512 0
1602 2
1231 0
951 0
1243 0
940 0
941 0
1234 0
1529 1
1127 0
1565 0
1453 0
1597 2
791 0
1076 0
1550 2
1076 0
1076 0
992 0
1418 0
1523 1
1294 0
1346 0
1360 0
892 0
1560 2
790 0
1637 0
1543 3
1107 0
1660 3
1232 0
878 0
1621 2
909 0
1035 0
1273 0
1542 1
1127 0
1141 0
1318 0
1200 0
1357 0
1502 0
1346 0
1626 3
1367 0
1471 0
1232 0
1583 0
1536 1
1211 0
1525 0
1430 0
1552 0
972 0
1231 0
1557 0
965 0
1293 0
726 0
1492 0
1318 0
1256 0
1443 0
1293 0
961 0
868 0
1138 0
1224 0
1024 0
1242 0
1367 0
1003 0
1525 1
1065 0
1336 0
1304 0
1324 0
923 0
1024 0
1551 1
1529 1
1564 0
1347 0
1016 0
1252 0
1554 0
1543 0
1419 0
1110 0
877 0
1471 0
698 0
1231 0
1304 0
1153 0
1076 0
1200 0
993 0
1676 2
1231 0
1128 0
1221 0
1117 0
1086 0
1163 0
1439 0
1273 0
1387 0
1055 0
1159 0
1419 0
1693 2
1044 0
696 0
1044 0
764 0
761 0
1024 0
1017 0
1387 0
764 0
1574 0
1216 0
1119 0
1525 0
983 0
1127 0
1431 0
1191 0
1231 0
1491 0
868 0
1543 1
910 0
1243 0
1526 0
1169 0
1160 0
1044 0
1584 0
1027 0
879 0
1263 0
1189 0
1636 2
1346 0
710 0
1335 0
661 0
1512 0
1605 2
1013 0
1028 0
1068 0
1003 0
953 0
1538 0
775 0
1380 0
1211 0
1387 0
1263 0
1589 3
1044 0
1151 0
972 0
1180 0
1191 0
1491 0
1526 1
1356 0
724 0
893 0
1024 0
1245 0
1567 2
913 0
857 0
1523 0
659 0
1637 2
1159 0
1058 0
1598 3
995 0
1044 0
1366 0
1003 0
1599 0
847 0
1335 0
1588 2
1058 0
1294 0
1370 0
1419 0
931 0
1450 0
1502 0
1471 0
1600 1
1201 0
1304 0
1318 0
1629 0
1231 0
1524 0
899 0
1138 0
1512 1
1231 0
1535 1
1141 0
924 0
971 0
1204 0
1152 0
1005 0
1543 0
1315 0
1304 0
1559 0
604 0
725 0
1211 0
1172 0
1491 0
972 0
1549 0
1619 2
1253 0
1055 0
910 0
868 0
1139 0
1117 0
1546 1
899 0
847 0
1390 0
912 0
607 0
1003 0
1411 0
1211 0
971 0
1442 0
847 0
871 0
813 0
1242 0
1096 0
982 0
1595 2
1149 0
899 0
1130 0
1373 0
774 0
1356 0
1180 0
1294 0
1637 0
1243 0
1303 0
1294 0
919 0
1558 1
1171 0
1356 0
1315 0
700 0
1099 0
1159 0
1345 0
1589 2
1128 0
1526 0
1055 0
1582 3
1180 0
975 0
888 0
1148 0
1159 0
972 0
1552 2
1086 0
553 0
1127 0
1295 0
1388 0
1528 0
1557 0
709 0
1035 0
974 0
1055 0
1388 0
1471 0
1138 0
1528 1
1284 0
1315 0
1294 0
1014 0
996 0
868 0
1560 0
1285 0
1559 0
1675 1
1439 0
1607 0
1276 0
1558 1
1530 1
1542 2
878 0
1295 0
1003 0
1346 0
1528 0
1526 0
1356 0
1561 1
1191 0
913 0
1564 1
951 0
1283 0
1450 0
1347 0
1107 0
1529 1
1551 2
1591 0
1527 0
1284 0
1410 0
1399 0
1566 0
1328 0
1190 0
1408 0
1573 0
1211 0
1673 2
1528 0
1243 0
1387 0
1141 0
1128 0
1551 1
1214 0
1588 1
1502 0
983 0
1594 2
1148 0
1356 0
1471 0
1315 0
1075 0
868 0
1086 0
1346 0
1138 0
792 0
1159 0
1536 0
1419 0
1559 2
1367 0
1504 0
1535 1
1419 0
920 0
1439 0
1236 0
1245 0
1076 0
1128 0
1058 0
1527 1
1027 0
1453 0
857 0
1214 0
1558 1
1204 0
1556 1
1180 0
1003 0
1628 2
1252 0
1525 0
1241 0
1779 0
1314 0
1480 0
1087 0
1232 0
1211 0
1539 1
1433 0
1295 0
1055 0
1378 0
889 0
1471 0
1590 2
838 0
1523 1
1003 0
1584 3
1138 0
1003 0
1562 0
1232 0
1611 3
1367 0
1541 2
858 0
982 0
1550 0
1528 1
828 0
1409 0
1180 0
912 0
1138 0
1107 0
426 0
609 0
1502 0
1048 0
1127 0
951 0
846 0
1159 0
1512 0
1350 0
1505 0
1529 1
1614 0
1408 0
1075 0
1387 0
1528 1
1200 0
1691 3
1266 0
1086 0
899 0
1048 0
933 0
817 0
1200 0
955 0
1254 0
994 0
1590 0
1242 0
761 0
839 0
903 0
1211 0
1626 3
1080 0
1565 3
1612 0
1097 0
1245 0
1076 0
868 0
1269 0
974 0
1586 0
1284 0
1180 0
1577 2
1252 0
1120 0
1419 0
1149 0
1024 0
1159 0
1563 2
983 0
608 0
1356 0
868 0
1644 0
982 0
1127 0
1451 0
1232 0
1128 0
996 0
1090 0
1551 2
1537 0
1529 1
1604 3
1065 0
1107 0
1284 0
1532 1
1439 0
1346 0
1096 0
1148 0
800 0
995 0
1443 0
813 0
1865 3
1398 0
1560 2
1183 0
1149 0
943 0
1527 0
1387 0
1652 2
1716 3
983 0
1548 1
1367 0
951 0
1038 0
1214 0
1463 0
1297 0
1491 0
954 0
971 0
909 0
881 0
585 0
1284 0
1630 0
1688 2
1297 0
982 0
1131 0
1232 0
1356 0
1387 0
1128 0
986 0
1527 1
1139 0
1086 0
983 0
1567 0
1159 0
975 0
1035 0
1304 0
1527 1
1315 0
1089 0
1460 0
1024 0
1294 0
950 0
1193 0
1539 1
1214 0
1232 0
1086 0
1139 0
1502 0
1128 0
1421 0
1531 0
1346 0
857 0
765 0
1142 0
879 0
1391 0
1412 0
1232 0
1086 0
1211 0
983 0
847 0
1347 0
1242 0
1566 0
1567 2
1628 2
1252 0
889 0
1581 1
726 0
1153 0
1535 0
1058 0
1536 1
881 0
1304 0
1471 0
1450 0
1055 0
1526 1
1287 0
1543 0
1531 1
1231 0
972 0
951 0
1128 0
1182 0
1524 0
1551 1
1065 0
910 0
1492 0
1263 0
1421 0
1502 0
1542 0
1163 0
1516 1
919 0
1440 0
1546 2
686 0
1484 0
1179 0
1139 0
1231 0
992 0
1232 0
923 0
1234 0
879 0
1589 0
1235 0
1252 0
1245 0
1530 1
1294 0
1159 0
1398 0
1200 0
1107 0
1276 0
1128 0
1190 0
1539 0
1401 0
1044 0
1078 0
1307 0
1538 1
1359 0
1419 0
1605 2
1598 3
1599 2
1346 0
1470 0
1590 3
965 0
1180 0
847 0
1542 1
1328 0
1561 0
878 0
1138 0
1277 0
1561 0
1356 0
1557 2
1560 1
1549 1
1117 0
1075 0
1460 0
973 0
1180 0
1158 0
1432 0
881 0
1304 0
1532 1
1014 0
1232 0
1335 0
1191 0
964 0
1211 0
1193 0
1108 0
1513 1
922 0
1531 1
1376 0
1037 0
803 0
1377 0
1075 0
1024 0
1097 0
1107 0
149 0
1542 1
847 0
951 0
1210 0
1526 1
1315 0
899 0
1524 1
992 0
1602 0
1588 1
1100 0
1107 0
1346 0
1503 0
923 0
1564 2
1148 0
1541 0
544 0
1604 2
1076 0
1087 0
1120 0
1242 0
1035 0
1531 0
1204 0
1159 0
1535 2
1614 0
1360 0
1096 0
1139 0
920 0
1201 0
1603 2
1159 0
1232 0
1551 2
1142 0
621 0
1550 0
920 0
1512 1
1283 0
1252 0
1087 0
1096 0
983 0
1523 1
1627 3
910 0
1097 0
1623 2
914 0
1552 0
1139 0
1573 2
1572 3
1538 0
1587 3
1587 1
1401 0
1583 2
1370 0
739 0
1191 0
739 0
1696 2
1587 0
686 0
1620 2
1359 0
891 0
1560 2
1191 0
1564 0
1419 0
1605 2
1549 1
1676 2
1562 1
1191 0
982 0
1087 0
1543 1
1294 0
1580 2
1191 0
1096 0
1585 0
1007 0
1419 0
1380 0
1159 0
1202 0
1089 0
1346 0
1408 0
1525 1
1217 0
1180 0
1315 0
1096 0
1201 0
1131 0
1582 0
1203 0
1557 1
1231 0
502 0
1149 0
857 0
751 0
1058 0
1100 0
920 0
1398 0
1503 0
1619 1
1121 0
1460 0
1589 1
1580 0
1067 0
933 0
1201 0
1335 0
1408 0
1294 0
993 0
1128 0
1263 0
1572 0
943 0
1642 1
1419 0
1252 0
971 0
1620 3
1612 2
1315 0
1118 0
1356 0
1315 0
1231 0
1567 0
464 0
1180 0
647 0
902 0
909 0
930 0
1419 0
1128 0
1557 1
1326 0
1595 0
1388 0
1356 0
1243 0
1076 0
1204 0
1183 0
1357 0
1139 0
1159 0
992 0
992 0
1548 1
1006 0
1283 0
1211 0
1108 0
1107 0
1318 0
1398 0
920 0
1387 0
1450 0
774 0
1367 0
1542 2
1284 0
1075 0
879 0
1346 0
942 0
1449 0
941 0
1335 0
951 0
1656 2
1408 0
1076 0
1530 0
709 0
941 0
1078 0
1149 0
1398 0
1283 0
1242 0
709 0
1531 0
1541 1
1315 0
1068 0
922 0
899 0
930 0
1398 0
920 0
1263 0
1585 1
1003 0
1432 0
1263 0
888 0
951 0
1006 0
1398 0
1523 1
1439 0
847 0
1527 1
1252 0
1076 0
1528 0
992 0
1295 0
1528 1
1099 0
1099 0
761 0
1367 0
774 0
790 0
1524 0
1559 1
1138 0
1172 0
1035 0
1530 1
1586 1
1263 0
1128 0
1107 0
992 0
1491 0
1589 2
971 0
943 0
1097 0
1525 1
1160 0
1367 0
1170 0
995 0
688 0
1336 0
1649 1
1159 0
1418 0
1304 0
1111 0
1180 0
920 0
1027 0
1035 0
1525 1
1131 0
1159 0
1304 0
1536 1
657 0
1099 0
1639 0
1200 0
1087 0
923 0
1048 0
1120 0
1526 0
850 0
1297 0
1619 3
723 0
1429 0
1502 0
920 0
1183 0
972 0
1265 0
1027 0
1482 0
1201 0
1190 0
1523 1
1492 0
1214 0
1592 2
847 0
1439 0
972 0
1532 1
1513 1
1045 0
892 0
1317 0
1076 0
1284 0
582 0
1304 0
1294 0
803 0
983 0
1315 0
912 0
1139 0
1048 0
1611 3
951 0
974 0
1367 0
1138 0
1594 1
1338 0
1757 2
942 0
1211 0
972 0
1356 0
1231 0
847 0
1068 0
1266 0
994 0
1513 1
1127 0
1075 0
1346 0
1232 0
1255 0
1398 0
1347 0
1419 0
867 0
1451 0
1526 0
881 0
1231 0
1571 1
1579 2
993 0
1634 2
1533 0
1162 0
1419 0
1369 0
1439 0
836 0
1527 1
1078 0
1527 0
1107 0
1646 3
840 0
1549 2
1234 0
1377 0
1141 0
1191 0
1527 0
951 0
982 0
1003 0
951 0
1107 0
952 0
868 0
1485 0
1460 0
708 0
1526 1
1055 0
1492 0
492 0
1024 0
1211 0
1672 2
1180 0
1283 0
1263 0
1169 0
888 0
751 0
1408 0
1399 0
868 0
1161 0
1592 0
1335 0
1356 0
1356 0
1464 0
1006 0
1315 0
1003 0
1265 0
878 0
1541 1
992 0
1148 0
1211 0
609 0
1524 0
1013 0
944 0
1619 2
1367 0
726 0
1538 0
920 0
992 0
976 0
556 0
1193 0
993 0
1632 0
711 0
1023 0
1096 0
1256 0
1399 0
847 0
961 0
1408 0
1242 0
1044 0
971 0
1604 0
899 0
1003 0
1107 0
1503 0
1148 0
1152 0
987 0
1180 0
1576 1
1128 0
1501 0
658 0
1582 0
1347 0
1211 0
1622 3
1592 0
840 0
553 0
1180 0
1335 0
1625 1
1087 0
1024 0
1450 0
1409 0
1538 0
1419 0
1704 0
868 0
1127 0
1018 0
1211 0
1035 0
750 0
1464 0
1046 0
1231 0
889 0
1277 0
1526 1
1502 0
1419 0
1014 0
1224 0
961 0
1314 0
1263 0
777 0
1273 0
1283 0
1576 2
1284 0
1543 0
931 0
1619 0
1231 0
739 0
1096 0
933 0
1085 0
1335 0
1173 0
1538 1
1502 0
501 0
1304 0
930 0
1387 0
1551 1
992 0
961 0
1003 0
1419 0
975 0
1570 2
1224 0
1412 0
1704 1
1549 2
1346 0
1367 0
1576 2
1775 3
1211 0
1701 2
951 0
881 0
851 0
1502 0
1034 0
1526 1
1542 1
1460 0
1562 0
1529 1
1573 2
1485 0
1561 0
892 0
1169 0
1367 0
1347 0
1336 0
1276 0
1535 0
1566 1
1454 0
1653 0
761 0
1168 0
983 0
1139 0
1502 0
1660 2
1538 1
1532 1
993 0
1398 0
1211 0
1577 2
1232 0
1315 0
1439 0
1242 0
1076 0
1541 1
983 0
1594 0
1346 0
1252 0
1149 0
850 0
1532 1
738 0
1537 0
803 0
1262 0
1204 0
1453 0
911 0
1545 0
1532 0
912 0
1076 0
1542 1
1224 0
1173 0
1318 0
1601 3
1440 0
1221 0
646 0
931 0
1107 0
951 0
1263 0
899 0
1661 2
1450 0
1572 1
1586 0
1551 2
1585 2
1398 0
1532 1
1076 0
1408 0
1622 2
1128 0
1315 0
1089 0
1096 0
1232 0
878 0
1581 0
992 0
1242 0
1502 0
1619 2
940 0
1569 2
1336 0
1526 1
1542 1
1471 0
1169 0
1055 0
426 0
1568 0
1470 0
1580 2
1263 0
1242 0
1265 0
1502 0
1630 2
1387 0
961 0
1078 0
1294 0
1148 0
1075 0
993 0
1131 0
1556 1
1504 1
1551 1
1411 0
1548 1
847 0
860 0
1324 0
1138 0
1069 0
1162 0
902 0
1159 0
1537 1
1179 0
1034 0
709 0
878 0
1593 2
1075 0
1263 0
1326 0
1336 0
1159 0
1526 0
1107 0
752 0
1505 0
1528 1
1560 0
1069 0
860 0
1045 0
1536 0
1234 0
686 0
1612 2
1600 2
1682 2
1211 0
1120 0
1211 0
1078 0
1047 0
1370 0
1491 0
860 0
1546 1
1170 0
1153 0
1035 0
1214 0
1315 0
1590 0
1006 0
981 0
659 0
1390 0
1356 0
1159 0
1200 0
1128 0
1604 2
940 0
1055 0
1440 0
993 0
1529 1
1044 0
1148 0
1110 0
1491 0
1540 0
1622 2
972 0
1597 2
1326 0
1360 0
857 0
1525 0
912 0
1079 0
1065 0
1150 0
1501 0
1356 0
888 0
1568 2
1263 0
1304 0
961 0
1391 0
1591 1
1356 0
1532 0
1173 0
1541 2
1138 0
982 0
982 0
1110 0
1014 0
1419 0
1529 1
1013 0
1527 0
1367 0
1549 1
1263 0
1076 0
1419 0
1263 0
1591 2
856 0
1096 0
1191 0
1528 1
1555 0
1526 0
1538 2
1180 0
1170 0
1065 0
910 0
1356 0
1571 2
1242 0
930 0
741 0
1089 0
1339 0
647 0
1096 0
1128 0
1450 0
983 0
953 0
1162 0
1557 0
1128 0
1066 0
1003 0
1121 0
1615 1
1557 2
1671 3
1440 0
1581 2
920 0
1524 1
1314 0
972 0
1138 0
1545 2
1107 0
1076 0
912 0
1036 0
1583 2
878 0
1408 0
1252 0
1515 1
1152 0
1408 0
857 0
1089 0
1525 1
1047 0
920 0
1590 3
861 0
1524 1
1159 0
1128 0
1305 0
1107 0
1314 0
1076 0
1419 0
1524 0
1273 0
1588 3
1523 1
1563 1
1068 0
1528 1
1087 0
1805 3
1408 0
1471 0
1139 0
1398 0
1078 0
985 0
1335 0
1349 0
899 0
931 0
816 0
933 0
803 0
1152 0
1139 0
1107 0
1295 0
1017 0
1033 0
1408 0
1148 0
1503 1
1530 1
1016 0
1044 0
1172 0
1580 2
910 0
1563 0
1304 0
1492 0
791 0
1356 0
940 0
1263 0
1471 0
1099 0
1006 0
1304 0
1542 1
1308 0
1107 0
1267 0
1526 1
836 0
1551 1
1491 0
1231 0
689 0
1065 0
1014 0
1559 0
1325 0
1492 0
725 0
983 0
1086 0
1180 0
1557 1
1502 0
1180 0
1171 0
1079 0
1037 0
1502 0
1013 0
1546 0
1294 0
1471 0
1087 0
1127 0
1529 0
1035 0
1491 0
1107 0
1419 0
1315 0
1220 0
1128 0
1024 0
961 0
1283 0
440 0
902 0
1076 0
1630 0
934 0
1561 0
1263 0
1494 0
1096 0
1591 1
1284 0
1139 0
965 0
1214 0
1502 1
1594 0
1325 0
1563 1
1471 0
1536 1
920 0
1141 0
814 0
1553 1
1388 0
888 0
1076 0
1578 0
1170 0
1347 0
1567 2
1216 0
1336 0
1003 0
1211 0
1641 0
813 0
1640 1
778 0
1305 0
1087 0
1315 0
1294 0
661 0
1107 0
1547 0
1529 0
596 0
1526 1
1055 0
1183 0
1047 0
1284 0
1100 0
1450 0
930 0
847 0
1592 1
1668 0
828 0
1546 1
1130 0
789 0
1561 1
1193 0
1577 1
1585 0
723 0
1527 1
1201 0
1152 0
1536 1
850 0
975 0
1200 0
1587 0
1034 0
633 0
542 0
840 0
1191 0
1173 0
941 0
1492 0
1149 0
1151 0
836 0
1013 0
1263 0
1086 0
1526 1
1464 0
972 0
1398 0
1325 0
1003 0
1128 0
850 0
1003 0
921 0
1138 0
1597 1
1034 0
1569 2
847 0
1191 0
1148 0
1035 0
1528 1
1662 3
660 0
1117 0
1034 0
1366 0
1398 0
1610 2
1531 0
951 0
1530 1
899 0
1193 0
1131 0
1557 1
1033 0
1024 0
1356 0
1601 0
877 0
1128 0
1096 0
1503 0
1531 1
1315 0
1556 2
1139 0
1203 0
888 0
1128 0
1190 0
1336 0
1159 0
1460 0
1035 0
1387 0
1450 0
1419 0
1024 0
1536 0
1633 3
1460 0
1315 0
1525 1
1566 2
1398 0
882 0
920 0
879 0
1491 0
1585 0
1567 1
1283 0
1182 0
1263 0
1407 0
1006 0
1065 0
1530 1
1708 2
899 0
1076 0
881 0
1049 0
1597 2
1471 0
1471 0
1024 0
1491 0
1317 0
1524 1
1418 0
1527 1
1284 0
993 0
1550 1
1263 0
1316 0
1547 0
1283 0
944 0
1583 1
972 0
1131 0
1055 0
1211 0
1027 0
848 0
1284 0
1390 0
1213 0
1335 0
647 0
1399 0
1139 0
553 0
1591 2
1347 0
1705 0
1263 0
1554 0
933 0
951 0
1024 0
1665 2
1263 0
992 0
940 0
1336 0
972 0
1283 0
1044 0
889 0
790 0
1232 0
1398 0
1107 0
847 0
1150 0
1256 0
1180 0
1526 1
1419 0
1024 0
1590 2
1304 0
920 0
1569 2
543 0
1097 0
1550 2
1529 0
1528 0
1224 0
709 0
1232 0
1194 0
1523 1
1538 2
1214 0
606 0
517 0
1346 0
1639 2
1536 1
1350 0
945 0
1035 0
1110 0
1014 0
1581 0
972 0
1482 0
919 0
1532 1
931 0
1335 0
1591 2
982 0
1397 0
1399 0
1151 0
1567 1
1256 0
1460 0
1400 0
1087 0
606 0
1575 2
1006 0
1245 0
931 0
878 0
1626 2
1169 0
1419 0
802 0
983 0
596 0
1210 0
1548 2
1648 0
825 0
1035 0
1571 2
1080 0
1086 0
109 0
1097 0
1087 0
1582 2
1411 0
1460 0
1430 0
983 0
1027 0
1276 0
1589 0
1184 0
923 0
1110 0
1121 0
951 0
1024 0
1524 0
1139 0
1440 0
1003 0
1138 0
1523 1
1561 2
1603 2
1086 0
1044 0
1398 0
972 0
974 0
1408 0
1038 0
879 0
1149 0
1539 2
1586 2
1044 0
1003 0
1583 1
1107 0
1201 0
1315 0
1432 0
892 0
1356 0
1252 0
1464 0
1294 0
1555 2
1179 0
1065 0
1087 0
1211 0
751 0
709 0
1388 0
1367 0
1792 3
1200 0
1304 0
992 0
1408 0
1450 0
1276 0
1526 0
1066 0
1200 0
1546 0
1253 0
1541 0
1346 0
1231 0
1211 0
1537 1
1625 2
1533 1
1086 0
1024 0
1044 0
1531 1
1356 0
877 0
1190 0
951 0
847 0
1689 3
836 0
1171 0
1356 0
1294 0
1370 0
847 0
1055 0
1148 0
752 0
1612 3
1538 1
1576 0
1623 0
951 0
954 0
1128 0
976 0
1557 1
1578 2
1418 0
840 0
1107 0
1356 0
1023 0
1562 1
1419 0
972 0
1453 0
1263 0
964 0
1191 0
1525 0
1538 1
683 0
1388 0
764 0
1086 0
1232 0
1139 0
1037 0
847 0
1159 0
1117 0
1086 0
860 0
1335 0
1024 0
1523 1
972 0
1003 0
1159 0
1211 0
899 0
1592 2
1460 0
1525 1
1533 0
1548 1
985 0
923 0
1044 0
1339 0
1523 0
1160 0
1584 0
972 0
1263 0
1550 0
1523 1
850 0
1399 0
1087 0
1214 0
1035 0
774 0
1263 0
954 0
1460 0
940 0
1120 0
1210 0
983 0
1211 0
1450 0
974 0
1481 0
1065 0
952 0
672 0
1564 2
891 0
1148 0
983 0
1190 0
1159 0
700 0
1491 0
920 0
878 0
1523 1
1537 0
1068 0
1566 2
1252 0
1096 0
1548 2
1182 0
1139 0
1578 0
993 0
1317 0
913 0
851 0
450 0
1528 1
1076 0
1044 0
1044 0
1045 0
1502 0
1107 0
1558 2
1169 0
1570 1
1592 2
1578 0
1028 0
1419 0
1169 0
1015 0
514 0
899 0
1152 0
1335 0
1200 0
1422 0
1141 0
993 0
1141 0
1502 0
1283 0
1035 0
951 0
912 0
1855 3
1087 0
1055 0
1552 2
1502 0
931 0
1003 0
1592 0
1540 1
1017 0
892 0
993 0
1528 1
1252 0
1616 2
1148 0
1540 1
963 0
1391 0
868 0
995 0
1388 0
1408 0
1304 0
902 0
1580 1
1232 0
1150 0
533 0
972 0
1304 0
1615 2
1231 0
1223 0
1502 0
983 0
1027 0
1214 0
868 0
817 0
951 0
1359 0
777 0
1559 2
1571 0
1612 1
847 0
1080 0
992 0
1335 0
1318 0
1287 0
1131 0
1759 0
1551 2
1600 0
850 0
1548 0
1367 0
1263 0
1537 1
1005 0
847 0
1076 0
1549 0
983 0
951 0
942 0
1086 0
1356 0
1003 0
1440 0
1215 0
1534 0
972 0
1284 0
1003 0
1547 1
1170 0
920 0
1619 2
1556 1
1503 0
1305 0
1277 0
1540 1
1087 0
1552 0
1529 1
1551 2
1253 0
1401 0
765 0
1253 0
595 0
1008 0
1317 0
1548 0
1460 0
790 0
931 0
1242 0
1335 0
1515 1
1632 0
1107 0
868 0
972 0
1236 0
1534 1
1035 0
1294 0
1148 0
1307 0
972 0
943 0
1075 0
1540 1
1059 0
1453 0
920 0
1359 0
1003 0
1576 2
1419 0
1440 0
857 0
1315 0
1315 0
1580 2
930 0
1304 0
1367 0
951 0
1225 0
1587 2
1461 0
1540 0
992 0
803 0
850 0
1548 1
1211 0
983 0
1443 0
1356 0
1037 0
426 0
1491 0
964 0
1527 1
1087 0
1549 1
1562 0
1055 0
1076 0
1571 2
1149 0
1645 0
1139 0
1336 0
1450 0
868 0
1526 1
1128 0
1294 0
1588 0
920 0
1131 0
1541 1
1600 2
1525 1
1304 0
813 0
1524 0
1283 0
1131 0
1304 0
1566 3
945 0
1571 0
922 0
1108 0
961 0
878 0
1194 0
1132 0
1139 0
868 0
1566 1
1003 0
1107 0
1570 0
1225 0
1592 3
1107 0
813 0
1024 0
965 0
1347 0
1120 0
1397 0
1542 1
777 0
1592 3
923 0
1200 0
1263 0
1491 0
1547 2
1315 0
1169 0
1315 0
1284 0
774 0
1566 1
1141 0
1060 0
1076 0
1512 0
1107 0
1367 0
1530 1
1065 0
1224 0
1408 0
1003 0
1574 1
1564 0
1664 0
1339 0
1356 0
647 0
1169 0
1408 0
1170 0
1505 0
1098 0
1401 0
1549 2
1550 1
1295 0
836 0
1284 0
686 0
888 0
1086 0
945 0
1536 0
1502 0
1492 0
983 0
1194 0
836 0
1336 0
1173 0
1263 0
1088 0
1541 0
920 0
1027 0
1347 0
1536 0
878 0
531 0
1387 0
1159 0
1139 0
1367 0
1577 1
1210 0
1003 0
1263 0
1538 1
1608 1
1349 0
982 0
1527 0
881 0
439 0
899 0
836 0
1211 0
1325 0
1315 0
1525 1
1429 0
1079 0
607 0
1645 2
812 0
1530 0
993 0
882 0
924 0
953 0
1107 0
1538 1
1283 0
1024 0
1263 0
905 0
992 0
1234 0
1367 0
1106 0
878 0
1076 0
1295 0
1055 0
1578 1
1117 0
1315 0
837 0
1315 0
972 0
1242 0
751 0
762 0
1242 0
1491 0
1128 0
710 0
955 0
1594 0
1090 0
1107 0
1211 0
1294 0
1561 2
1023 0
1252 0
868 0
1138 0
1408 0
1439 0
982 0
1006 0
1191 0
940 0
1065 0
1450 0
1139 0
882 0
1534 1
1461 0
1398 0
1526 1
972 0
1086 0
1304 0
1232 0
1450 0
1192 0
1304 0
1723 2
1346 0
940 0
972 0
1536 2
700 0
1503 0
713 0
920 0
1242 0
1534 1
1552 0
972 0
1530 1
1034 0
1659 0
1625 0
1367 0
899 0
1044 0
1346 0
748 0
879 0
1263 0
1024 0
1090 0
913 0
1577 2
1597 0
1503 1
1547 0
1439 0
1537 1
982 0
1226 0
1127 0
1023 0
723 0
1245 0
981 0
1398 0
1539 1
1387 0
1555 0
1346 0
1577 2
1621 3
1173 0
1356 0
1570 0
1128 0
1057 0
1128 0
699 0
1631 2
924 0
1245 0
961 0
1536 1
1148 0
1599 0
1579 0
1597 3
1211 0
1502 0
982 0
345 0
1604 1
1367 0
1179 0
1387 0
1232 0
1532 1
1370 0
1380 0
1294 0
1523 1
606 0
1317 0
1556 0
1139 0
1024 0
922 0
1242 0
1304 0
1255 0
1349 0
1528 1
1620 3
1252 0
964 0
1538 2
1003 0
762 0
1450 0
1232 0
1265 0
888 0
1551 2
1294 0
712 0
1505 1
1128 0
1308 0
1138 0
1552 1
899 0
1034 0
960 0
1128 0
1579 0
1242 0
1570 2
1221 0
1263 0
1565 1
579 0
868 0
1701 3
1149 0
1013 0
1525 1
1347 0
1531 1
1283 0
930 0
1616 1
955 0
1356 0
1439 0
1087 0
618 0
1555 1
1003 0
1608 0
1408 0
888 0
1428 0
1541 1
1388 0
1086 0
790 0
994 0
1658 3
1213 0
1599 0
1056 0
1537 0
1304 0
1561 0
501 0
1294 0
911 0
1528 0
868 0
922 0
1305 0
1660 3
1180 0
648 0
1624 1
1035 0
1346 0
1024 0
735 0
1595 2
1531 0
1068 0
983 0
1541 1
1450 0
1315 0
1277 0
1697 3
1553 2
1076 0
735 0
986 0
951 0
778 0
1294 0
1016 0
1086 0
777 0
1027 0
1055 0
1200 0
1159 0
1512 0
1555 0
1263 0
1652 2
1002 0
1595 1
1037 0
765 0
1346 0
1059 0
1583 2
1531 1
1055 0
983 0
1272 0
1571 1
962 0
996 0
1180 0
1559 1
1707 3
975 0
1079 0
1213 0
1141 0
1391 0
1336 0
944 0
1471 0
1592 0
826 0
830 0
1223 0
1107 0
1004 0
1170 0
1538 1
1609 2
1138 0
878 0
1419 0
1086 0
1527 1
964 0
1138 0
1193 0
1006 0
1024 0
923 0
1543 1
1252 0
1399 0
1096 0
1336 0
1453 0
1347 0
1263 0
1532 1
1294 0
1581 1
1523 1
1367 0
951 0
1516 0
846 0
1211 0
1522 0
830 0
1529 1
993 0
888 0
1076 0
1591 2
813 0
1544 1
1045 0
1529 1
673 0
983 0
1398 0
899 0
1523 1
1086 0
1548 2
1525 1
983 0
1231 0
920 0
1336 0
1674 0
1096 0
1075 0
1107 0
836 0
1148 0
712 0
1649 2
1059 0
829 0
1045 0
964 0
1683 2
1127 0
1116 0
1287 0
1655 2
1603 2
1024 0
1096 0
1409 0
1482 0
725 0
1370 0
920 0
1017 0
1525 1
1148 0
983 0
1569 3
1045 0
1526 1
878 0
1097 0
1190 0
1044 0
1131 0
972 0
1294 0
1016 0
1097 0
1172 0
1522 1
1555 1
1474 0
1552 0
1552 0
1622 3
673 0
713 0
920 0
1338 0
1491 0
1558 1
1524 1
1190 0
975 0
994 0
837 0
1162 0
839 0
1578 0
940 0
1315 0
1582 1
951 0
1118 0
1673 3
1245 0
1541 0
974 0
1003 0
1409 0
1139 0
1530 1
879 0
1107 0
1590 0
1098 0
1044 0
1315 0
1491 0
1464 0
1525 1
1646 2
1494 0
1055 0
1439 0
899 0
1545 0
816 0
1369 0
1263 0
1537 0
1242 0
1582 2
1523 1
1159 0
1589 2
1162 0
1232 0
1349 0
1545 1
1563 0
708 0
585 0
899 0
1492 0
1572 1
1463 0
1242 0
1552 0
1552 0
1034 0
1547 2
1531 1
1684 2
1003 0
1526 1
1607 0
1622 2
1584 0
1563 0
1625 2
1336 0
1241 0
1609 2
1026 0
1657 2
992 0
1424 0
1255 0
1003 0
393 0
1572 0
1138 0
1138 0
1552 0
1016 0
1203 0
1408 0
847 0
899 0
1252 0
1076 0
941 0
1537 1
1631 0
1541 1
1128 0
911 0
850 0
919 0
1066 0
1096 0
1055 0
1163 0
1179 0
1558 1
950 0
1024 0
1263 0
1127 0
1525 0
1320 0
1142 0
1098 0
1527 1
1304 0
1245 0
1204 0
1492 0
1201 0
992 0
1532 1
972 0
1086 0
1325 0
1593 1
1304 0
1346 0
1159 0
1526 1
1055 0
1526 1
1295 0
993 0
1162 0
971 0
1142 0
1523 1
1003 0
1079 0
1180 0
1085 0
1087 0
1314 0
1376 0
1532 1
1191 0
1336 0
1336 0
1066 0
1201 0
1560 1
1356 0
1263 0
1460 0
1587 0
1294 0
1328 0
919 0
1315 0
1450 0
847 0
1315 0
1599 2
1387 0
1398 0
1335 0
881 0
1200 0
1577 1
1139 0
1024 0
698 0
1065 0
1412 0
1294 0
920 0
1587 2
1200 0
1087 0
1388 0
1545 2
1293 0
933 0
788 0
1680 0
1569 0
1537 0
1191 0
899 0
1525 1
847 0
930 0
1348 0
1593 1
1408 0
1159 0
1130 0
1618 2
1024 0
659 0
1013 0
1567 1
1388 0
1555 2
1263 0
1148 0
1684 2
1736 1
1570 0
1055 0
1559 2
993 0
909 0
1118 0
751 0
1035 0
1597 3
1149 0
954 0
1180 0
1460 0
1118 0
1578 2
972 0
1169 0
1024 0
1575 0
687 0
1460 0
1460 0
850 0
1159 0
1541 0
1034 0
931 0
1232 0
1087 0
986 0
1541 1
1529 1
1003 0
1505 0
793 0
1535 1
1388 0
1529 0
1528 1
700 0
1006 0
1191 0
1528 1
1398 0
992 0
1326 0
1034 0
1315 0
1235 0
1224 0
1631 0
1625 2
1591 0
777 0
1180 0
983 0
899 0
1231 0
1035 0
1530 1
1314 0
934 0
1461 0
1561 3
1055 0
1294 0
1411 0
1505 0
899 0
985 0
1419 0
1367 0
1532 0
1615 3
1096 0
995 0
1201 0
1193 0
860 0
1170 0
1076 0
1748 3
685 0
1539 1
1211 0
1130 0
1096 0
892 0
596 0
1138 0
1180 0
1512 1
1224 0
857 0
1120 0
1232 0
1295 0
1064 0
1138 0
647 0
1130 0
1232 0
1402 0
1005 0
1550 0
1110 0
1078 0
1159 0
1512 0
1180 0
1162 0
1474 0
1201 0
1096 0
1606 1
972 0
992 0
1398 0
556 0
1568 2
1534 1
1284 0
1440 0
1149 0
1023 0
1566 2
1159 0
1076 0
1194 0
1410 0
1660 0
1591 2
1045 0
951 0
1526 1
931 0
1045 0
951 0
1525 1
1603 2
1159 0
1315 0
1109 0
879 0
1242 0
764 0
1451 0
723 0
1661 0
868 0
1550 1
1502 0
1540 0
1578 3
1304 0
1048 0
1211 0
1035 0
1557 3
902 0
1180 0
992 0
1577 2
631 0
1076 0
1294 0
1366 0
1579 1
631 0
1034 0
1600 0
1473 0
1419 0
1254 0
1286 0
777 0
1138 0
1474 0
870 0
777 0
1335 0
971 0
1399 0
1474 0
1360 0
1560 0
1326 0
1439 0
1361 0
1098 0
1107 0
802 0
879 0
1475 0
1026 0
1253 0
1107 0
1387 0
1439 0
1566 1
1562 1
1180 0
1532 0
1387 0
1076 0
1556 1
1492 0
1191 0
1235 0
1294 0
1540 0
1191 0
1182 0
934 0
1527 1
1211 0
951 0
1242 0
1159 0
1533 1
518 0
1315 0
909 0
1159 0
1256 0
1059 0
1471 0
1110 0
1535 1
1283 0
992 0
1148 0
934 0
1439 0
1491 0
1159 0
951 0
1471 0
1268 0
1242 0
1732 3
1283 0
1141 0
1336 0
933 0
1304 0
1203 0
1628 1
941 0
1263 0
1512 1
1023 0
1304 0
1397 0
1346 0
1211 0
609 0
1744 0
1398 0
1463 0
1242 0
1180 0
1274 0
1287 0
778 0
1419 0
1109 0
1412 0
556 0
1017 0
1107 0
1536 2
1617 2
1578 3
1128 0
1180 0
1152 0
1024 0
1613 2
1315 0
686 0
971 0
1045 0
1653 2
1492 0
1578 0
1533 1
1570 0
1492 0
1016 0
1315 0
1263 0
1127 0
1561 2
1190 0
1539 2
1591 0
1460 0
1006 0
777 0
1027 0
1425 0
902 0
888 0
1408 0
1568 0
1127 0
982 0
1523 1
1408 0
1179 0
1263 0
972 0
1538 1
954 0
1619 1
1526 1
1398 0
964 0
1130 0
1172 0
1007 0
1283 0
1049 0
1350 0
1211 0
592 0
931 0
1429 0
993 0
1387 0
951 0
1530 1
1089 0
1422 0
1138 0
1057 0
1537 0
1339 0
1543 1
1231 0
982 0
920 0
1148 0
847 0
1356 0
1547 1
1190 0
1387 0
1058 0
1024 0
1099 0
1273 0
1151 0
1241 0
1162 0
1560 2
1512 1
1183 0
1545 0
836 0
878 0
837 0
1418 0
1158 0
1542 2
1540 0
1709 0
1630 2
1263 0
1587 0
1442 0
1592 0
1044 0
803 0
1117 0
1450 0
920 0
1190 0
1491 0
1191 0
1629 2
1242 0
1117 0
1232 0
1398 0
1089 0
940 0
1346 0
1225 0
1557 2
933 0
1367 0
1139 0
1193 0
1523 1
1190 0
1055 0
1398 0
1055 0
1232 0
1536 1
449 0
1537 1
1346 0
1315 0
1439 0
1502 0
1577 1
1539 0
1525 0
1610 2
1242 0
1450 0
1709 2
847 0
1523 0
1566 0
1296 0
1654 0
1034 0
1471 0
1566 2
1388 0
1252 0
951 0
1304 0
1560 0
1315 0
1625 2
1525 1
950 0
1263 0
1263 0
1263 0
1024 0
1067 0
929 0
1599 0
1263 0
1304 0
777 0
1127 0
972 0
1555 2
552 0
1525 1
1577 1
992 0
1598 0
1066 0
837 0
1571 0
517 0
748 0
1666 0
1408 0
1670 2
1587 2
1148 0
1605 3
868 0
1086 0
1551 1
1101 0
1056 0
1252 0
1128 0
1242 0
1572 1
1024 0
1546 0
1495 0
1315 0
1304 0
1055 0
1211 0
1577 0
1183 0
1564 3
1419 0
1672 3
1346 0
1003 0
1180 0
1601 0
1398 0
1656 2
923 0
1315 0
888 0
1494 0
1524 1
1611 2
847 0
868 0
1599 3
1401 0
425 0
1148 0
1304 0
1560 1
972 0
1097 0
1568 2
1562 1
919 0
1191 0
1419 0
1335 0
1539 1
1231 0
1346 0
1598 2
1044 0
1552 2
1631 1
1305 0
1512 1
1055 0
931 0
1002 0
920 0
1580 1
1524 0
1294 0
1379 0
983 0
951 0
1560 1
1439 0
1370 0
1527 0
1505 0
1605 2
1078 0
1035 0
1346 0
1223 0
1608 0
1014 0
1755 0
1525 0
1222 0
1524 1
1601 0
1561 0
775 0
1148 0
1677 2
995 0
1221 0
1538 0
1182 0
1191 0
1044 0
1096 0
1304 0
765 0
1065 0
1107 0
1559 2
1180 0
1304 0
996 0
1200 0
1696 0
1204 0
1263 0
1568 1
1601 0
920 0
1130 0
1180 0
1139 0
1360 0
1283 0
1577 0
774 0
1317 0
1563 2
1304 0
1476 0
1549 1
1107 0
1580 2
1539 2
1346 0
1581 2
951 0
1242 0
1138 0
1526 1
582 0
1621 3
1235 0
1471 0
1542 2
836 0
1532 1
995 0
992 0
1491 0
1096 0
1460 0
1267 0
1180 0
972 0
1450 0
1087 0
1148 0
1531 1
683 0
1242 0
1367 0
1139 0
1263 0
1549 2
1304 0
951 0
1538 1
899 0
879 0
924 0
1162 0
1304 0
1232 0
1149 0
1232 0
505 0
1211 0
1587 0
1492 0
1557 1
790 0
982 0
1211 0
1336 0
992 0
1440 0
1180 0
920 0
972 0
1471 0
1523 0
1003 0
791 0
1315 0
530 0
1211 0
1066 0
940 0
1502 0
1304 0
1568 1
1191 0
1440 0
1017 0
1590 0
1231 0
1550 1
945 0
1024 0
1491 0
1335 0
1037 0
1087 0
1588 1
1578 2
1087 0
1691 2
1558 0
1492 0
1591 2
1243 0
976 0
1632 2
1556 2
1408 0
1294 0
1588 0
1661 3
931 0
1035 0
585 0
1003 0
1431 0
1528 1
1450 0
1149 0
1004 0
1148 0
1182 0
619 0
1210 0
1252 0
1545 0
1480 0
1246 0
1141 0
1221 0
1359 0
1035 0
1561 0
1346 0
1078 0
1525 1
1242 0
1180 0
1024 0
1190 0
1531 1
890 0
1193 0
1567 0
1525 1
1419 0
996 0
829 0
1644 0
1172 0
1252 0
1044 0
1602 3
992 0
1243 0
1517 1
1546 0
1304 0
1117 0
1307 0
605 0
1117 0
1117 0
1201 0
1035 0
1524 1
1121 0
1055 0
1564 1
1220 0
1558 1
868 0
1428 0
1252 0
1556 1
920 0
1356 0
1121 0
1142 0
1252 0
1545 0
1597 0
1408 0
963 0
1266 0
1065 0
1325 0
931 0
1419 0
605 0
909 0
951 0
1121 0
1286 0
1016 0
1234 0
1295 0
1634 3
1411 0
1024 0
909 0
1418 0
1618 3
1044 0
861 0
1242 0
1304 0
1172 0
1572 1
1524 1
1121 0
982 0
1598 3
888 0
1137 0
1530 1
1304 0
912 0
1695 2
1485 0
1653 0
1398 0
1551 1
1294 0
1524 1
1523 1
868 0
1602 2
920 0
1408 0
1097 0
803 0
1367 0
1284 0
1191 0
1460 0
1076 0
1528 1
462 0
802 0
982 0
888 0
1138 0
1460 0
827 0
891 0
1569 3
1180 0
1180 0
1538 0
1526 1
1204 0
1654 2
1077 0
1631 1
899 0
1491 0
1076 0
803 0
1201 0
1612 3
941 0
1409 0
1356 0
1491 0
1284 0
1346 0
1141 0
1411 0
748 0
1234 0
1631 0
1245 0
687 0
1544 1
1179 0
1525 0
1512 1
1183 0
803 0
1559 1
1524 0
836 0
1315 0
1336 0
1107 0
1037 0
1263 0
1614 2
1725 2
1096 0
1593 1
892 0
1502 0
912 0
1035 0
1055 0
1287 0
1035 0
1139 0
1419 0
1076 0
899 0
1569 0
1128 0
1263 0
1582 0
1180 0
1526 0
1527 0
1409 0
1652 2
872 0
1232 0
1471 0
1346 0
1234 0
1137 0
1550 0
1585 1
1664 3
829 0
1526 0
1024 0
1525 1
1087 0
983 0
1376 0
765 0
1294 0
1137 0
1201 0
1243 0
992 0
1263 0
1076 0
1232 0
1356 0
910 0
1691 0
1242 0
848 0
1162 0
1006 0
790 0
1137 0
951 0
1263 0
1451 0
992 0
1266 0
1588 1
1603 2
1595 2
909 0
836 0
1461 0
1211 0
1338 0
1536 0
1024 0
1044 0
1305 0
1096 0
1556 1
699 0
1388 0
1076 0
1557 0
1548 1
1537 2
868 0
1525 1
815 0
1046 0
1346 0
1086 0
1003 0
1422 0
986 0
1191 0
1090 0
1131 0
1065 0
993 0
1308 0
994 0
725 0
1033 0
1614 2
836 0
1399 0
1096 0
1211 0
1566 2
761 0
1582 2
1449 0
1678 3
1569 0
1180 0
847 0
1252 0
710 0
1263 0
1579 0
1294 0
992 0
1439 0
1582 3
1528 0
1315 0
1055 0
540 0
920 0
1003 0
1633 0
1526 1
1159 0
1559 0
1491 0
1562 2
1148 0
1506 1
1528 1
1388 0
879 0
1190 0
1380 0
1107 0
1580 1
1335 0
877 0
1557 1
1152 0
1526 0
1618 0
1524 0
1014 0
1326 0
1055 0
1391 0
1087 0
1576 2
1336 0
1581 0
1304 0
1242 0
1055 0
1591 0
1202 0
1654 2
1540 2
1347 0
1470 0
1035 0
1387 0
1432 0
1211 0
1673 1
1055 0
1588 2
1419 0
1536 0
972 0
899 0
972 0
1398 0
1038 0
1614 2
1675 0
1450 0
1315 0
619 0
1055 0
1107 0
1460 0
1013 0
1159 0
1440 0
1408 0
1169 0
1142 0
983 0
1512 1
889 0
1694 3
951 0
1561 2
1262 0
1058 0
1016 0
1398 0
1527 0
1585 0
992 0
791 0
1252 0
1266 0
888 0
1159 0
951 0
1296 0
1033 0
847 0
1555 3
1539 2
879 0
1356 0
857 0
1422 0
1192 0
1370 0
1118 0
1294 0
1283 0
941 0
1367 0
725 0
1087 0
760 0
1388 0
1100 0
1003 0
1526 1
1421 0
1550 1
1492 0
1128 0
1569 2
1570 0
1532 1
1283 0
847 0
1505 1
1023 0
847 0
1610 2
1169 0
1182 0
793 0
1315 0
1491 0
899 0
1044 0
1017 0
1231 0
1366 0
1588 1
1516 1
1080 0
1533 1
1139 0
644 0
1252 0
857 0
861 0
1401 0
850 0
1654 3
1128 0
1100 0
1336 0
505 0
1086 0
1263 0
1512 1
1429 0
924 0
751 0
1592 0
1561 1
1138 0
647 0
891 0
1460 0
1584 2
1273 0
1235 0
1528 1
1193 0
972 0
1568 2
1569 2
1078 0
1573 2
479 0
1528 0
1263 0
725 0
1530 1
923 0
1107 0
1541 1
1027 0
1502 0
1325 0
1652 3
1211 0
1615 3
972 0
1069 0
1138 0
940 0
1576 2
1139 0
1242 0
888 0
919 0
1602 2
1211 0
1524 0
1526 1
1387 0
943 0
892 0
1537 1
1537 1
793 0
1531 0
1523 1
951 0
1655 3
1580 0
1252 0
1523 1
1503 0
1481 0
1451 0
1087 0
1191 0
1367 0
1263 0
1127 0
1326 0
1158 0
1076 0
951 0
995 0
1523 1
761 0
1294 0
1695 1
1089 0
1141 0
1044 0
1191 0
1408 0
1540 0
1111 0
1670 2
1067 0
1191 0
1232 0
1471 0
1408 0
1035 0
1013 0
1549 1
1571 2
1287 0
1603 3
1568 1
850 0
1087 0
1172 0
992 0
1315 0
1326 0
836 0
1367 0
505 0
1006 0
1283 0
923 0
1293 0
879 0
1329 0
1075 0
1531 0
1139 0
1568 1
1580 1
1733 1
954 0
1128 0
1048 0
1263 0
1231 0
1610 0
1268 0
1533 2
1639 2
1139 0
1200 0
1180 0
1625 3
1055 0
1138 0
1191 0
899 0
1152 0
1419 0
983 0
1163 0
1370 0
1471 0
570 0
972 0
1201 0
1450 0
778 0
899 0
1550 0
971 0
868 0
1560 1
1214 0
1214 0
1347 0
1201 0
1536 0
1549 2
1590 3
1546 0
1211 0
1148 0
1346 0
940 0
1471 0
983 0
975 0
882 0
1243 0
1087 0
1492 0
1107 0
972 0
1276 0
1526 1
1016 0
1096 0
1037 0
983 0
867 0
1560 1
1471 0
1471 0
1201 0
1263 0
1325 0
1451 0
1223 0
1491 0
1315 0
1494 0
1589 2
899 0
1528 1
1605 2
1297 0
1277 0
1527 1
992 0
1592 0
1161 0
1594 1
962 0
974 0
1453 0
1204 0
605 0
1255 0
1550 0
996 0
1336 0
1602 0
1599 1
1138 0
1502 0
982 0
1224 0
940 0
1242 0
1392 0
993 0
830 0
1159 0
1139 0
1183 0
1283 0
1577 2
1326 0
1560 1
1055 0
1055 0
1541 1
1201 0
1579 1
1572 2
1044 0
931 0
1314 0
1252 0
1151 0
1028 0
1193 0
868 0
951 0
900 0
1512 1
1450 0
1583 0
1035 0
1595 0
554 0
1582 0
1429 0
712 0
1243 0
1347 0
1528 1
1527 1
1345 0
1231 0
1592 1
1408 0
1589 1
1471 0
1003 0
1096 0
1013 0
1585 0
1159 0
909 0
1450 0
1561 0
1336 0
1706 3
1432 0
725 0
1531 0
1283 0
1347 0
633 0
1569 2
1044 0
1471 0
1294 0
1211 0
1059 0
1086 0
1463 0
815 0
1502 0
1013 0
975 0
1235 0
1336 0
1305 0
892 0
954 0
920 0
1117 0
1068 0
1034 0
1200 0
923 0
952 0
951 0
1335 0
1430 0
1471 0
888 0
1471 0
1304 0
1551 0
944 0
1492 0
1567 0
1408 0
1598 1
1180 0
1232 0
993 0
985 0
1471 0
1597 1
1097 0
1294 0
1024 0
972 0
1235 0
940 0
816 0
1559 1
1159 0
1317 0
1536 0
1003 0
1550 2
1276 0
1107 0
1611 1
1562 0
1550 0
1055 0
1558 0
1640 0
1016 0
881 0
1006 0
996 0
1459 0
972 0
985 0
1087 0
1526 0
1326 0
1264 0
1388 0
1537 1
1356 0
951 0
1388 0
1567 2
1128 0
1356 0
1231 0
851 0
1572 3
1252 0
1127 0
1200 0
1273 0
1356 0
1593 3
501 0
1128 0
1099 0
1138 0
1211 0
1335 0
1535 0
1581 2
761 0
1563 3
1034 0
892 0
1528 1
1391 0
777 0
1231 0
1531 1
1523 1
910 0
1325 0
764 0
1148 0
1315 0
1460 0
1287 0
751 0
1599 2
1631 0
1523 0
1370 0
1076 0
1587 3
1594 0
790 0
1641 3
1304 0
1182 0
1066 0
1231 0
1390 0
1090 0
1528 0
1232 0
1574 1
584 0
1288 0
1545 1
1016 0
1360 0
1034 0
1024 0
1028 0
1502 0
1097 0
1283 0
738 0
1346 0
1419 0
1539 0
1058 0
1304 0
1563 2
1338 0
1096 0
1613 2
1543 1
1328 0
1550 1
1460 0
992 0
972 0
1560 2
941 0
1203 0
1159 0
1263 0
1214 0
1034 0
1484 0
1617 1
996 0
1611 2
983 0
1599 2
1349 0
1512 0
1243 0
1159 0
1593 3
465 0
1076 0
751 0
1006 0
1577 1
1107 0
1096 0
1035 0
840 0
1591 0
836 0
1356 0
1044 0
1552 0
674 0
1598 1
1232 0
912 0
1540 1
1433 0
1558 1
1381 0
1131 0
847 0
909 0
1003 0
1474 0
881 0
1180 0
1420 0
1401 0
1026 0
1583 0
850 0
1606 0
1419 0
951 0
1356 0
1390 0
1328 0
1087 0
1418 0
983 0
877 0
1211 0
1505 0
1388 0
1535 1
1370 0
1367 0
1179 0
1347 0
1326 0
889 0
452 0
1107 0
1220 0
1525 1
1232 0
1242 0
1545 0
1735 2
1419 0
1551 1
1560 0
1545 1
1524 1
1532 1
974 0
1621 1
1055 0
1231 0
1439 0
1551 0
1629 0
1411 0
1243 0
1691 0
1283 0
1141 0
1398 0
1055 0
1044 0
1534 1
1512 1
1391 0
1298 0
1470 0
1380 0
1327 0
1515 1
1107 0
829 0
814 0
888 0
1568 2
725 0
1216 0
1470 0
1044 0
1210 0
1388 0
983 0
1555 1
1552 1
1169 0
1449 0
1545 0
1211 0
1572 0
1390 0
1172 0
1283 0
1087 0
1584 2
1602 2
1211 0
1065 0
1562 2
1284 0
1523 1
1055 0
1148 0
920 0
1578 2
1128 0
1107 0
881 0
882 0
1149 0
901 0
1255 0
1086 0
1035 0
1602 3
1315 0
1528 1
1148 0
1524 1
982 0
1003 0
1546 1
1612 2
1315 0
609 0
1076 0
1107 0
940 0
1693 1
1581 1
1107 0
1242 0
1398 0
1013 0
1619 1
1450 0
1131 0
1163 0
1550 0
1563 0
1380 0
1076 0
1152 0
1587 2
1200 0
1325 0
1107 0
1450 0
847 0
1149 0
609 0
1418 0
1531 1
1399 0
1213 0
1523 1
972 0
933 0
1243 0
1598 2
1419 0
1511 0
1388 0
901 0
1471 0
761 0
995 0
982 0
1191 0
1449 0
940 0
1277 0
1549 0
1003 0
1559 2
1138 0
920 0
1547 1
1627 3
1540 1
1573 0
1211 0
1532 1
1058 0
1013 0
1523 1
1335 0
1180 0
1263 0
1526 1
1347 0
1347 0
1440 0
1283 0
1379 0
1398 0
1159 0
1587 3
1630 2
1345 0
983 0
1530 1
1475 0
983 0
857 0
1242 0
1528 1
1254 0
1159 0
983 0
1139 0
1492 0
1055 0
1034 0
1315 0
1211 0
1277 0
1180 0
1253 0
1128 0
1160 0
1569 0
892 0
1380 0
1110 0
1149 0
1675 2
983 0
1294 0
1107 0
1408 0
1148 0
1242 0
1523 1
1588 1
1604 2
951 0
1118 0
1502 0
1141 0
1503 0
1190 0
426 0
1641 3
1107 0
1339 0
1419 0
1294 0
830 0
1172 0
569 0
1412 0
1558 1
1388 0
1231 0
1615 2
1298 0
913 0
1245 0
1284 0
1600 2
1047 0
1262 0
909 0
1621 2
837 0
951 0
1501 0
1579 2
972 0
1491 0
1538 1
1139 0
1433 0
1035 0
940 0
1419 0
1367 0
1204 0
657 0
1304 0
850 0
982 0
1707 3
1037 0
1576 2
1076 0
1492 0
933 0
1014 0
1526 1
1367 0
1055 0
1046 0
850 0
1537 1
1110 0
1190 0
1220 0
1243 0
1128 0
1086 0
1471 0
1349 0
1035 0
1533 1
1528 0
1568 2
1526 1
1582 3
1484 0
1138 0
1580 3
981 0
1190 0
1076 0
1158 0
1277 0
899 0
1501 0
1076 0
1307 0
1069 0
1307 0
1193 0
1568 2
1367 0
1554 0
1045 0
1243 0
1512 0
840 0
1442 0
848 0
1536 1
847 0
1203 0
972 0
1566 0
964 0
1538 2
1128 0
1242 0
1664 1
1536 0
1359 0
1110 0
1367 0
1055 0
1336 0
1284 0
1523 0
1656 2
1571 3
1162 0
1558 0
1086 0
1087 0
941 0
1293 0
972 0
1086 0
1356 0
972 0
1265 0
792 0
1262 0
1190 0
940 0
1577 1
903 0
1526 1
452 0
1397 0
1366 0
1252 0
1532 1
1409 0
1538 1
1492 0
1539 0
1608 0
1068 0
1159 0
951 0
867 0
1407 0
879 0
860 0
1210 0
1038 0
1024 0
426 0
954 0
1069 0
1090 0
1003 0
1551 2
1524 1
934 0
1087 0
1369 0
1649 3
1347 0
1512 0
1471 0
951 0
1613 0
1698 3
1346 0
1559 0
1242 0
1387 0
1625 0
899 0
943 0
1069 0
1255 0
861 0
1595 2
1605 0
1545 0
1502 0
673 0
761 0
1086 0
1523 0
1055 0
1346 0
813 0
867 0
1663 3
1308 0
1660 2
931 0
1744 3
1263 0
1204 0
1159 0
1567 2
1120 0
899 0
1075 0
1557 1
1024 0
1148 0
1545 1
1314 0
964 0
1471 0
1451 0
1047 0
1566 0
1529 1
996 0
1360 0
1613 3
1474 0
1127 0
1242 0
1531 1
791 0
888 0
1346 0
1162 0
975 0
1107 0
1539 1
1121 0
1118 0
1525 1
1471 0
1263 0
1263 0
1297 0
1076 0
1531 1
1376 0
934 0
1034 0
1076 0
1242 0
1231 0
1624 3
1076 0
1107 0
280 0
1162 0
1283 0
1315 0
778 0
1068 0
1538 1
1665 2
1367 0
1033 0
913 0
1540 1
1003 0
1055 0
1033 0
1356 0
1318 0
1531 1
1211 0
1579 1
1527 0
920 0
1347 0
1204 0
479 0
657 0
1419 0
1128 0
1017 0
1387 0
1411 0
1481 0
892 0
1099 0
1141 0
1551 0
1107 0
1557 2
1137 0
696 0
1283 0
1542 1
995 0
872 0
1523 1
1450 0
1304 0
1450 0
647 0
1590 2
1485 0
1200 0
1419 0
1453 0
1534 1
1287 0
992 0
1139 0
1377 0
817 0
1222 0
1541 1
813 0
1816 3
971 0
1026 0
569 0
750 0
1055 0
1660 0
1210 0
912 0
1525 1
1380 0
518 0
868 0
1440 0
868 0
711 0
1194 0
992 0
1317 0
1335 0
1024 0
1003 0
1598 2
1642 0
974 0
1401 0
1335 0
1065 0
923 0
726 0
1319 0
1412 0
1252 0
840 0
1024 0
1295 0
940 0
1211 0
1096 0
983 0
1003 0
1450 0
1024 0
1173 0
1200 0
608 0
1564 2
1419 0
1634 3
1733 2
836 0
1232 0
1591 1
839 0
1535 0
1138 0
1294 0
1481 0
1537 1
1024 0
1626 1
1235 0
1541 1
1117 0
882 0
920 0
847 0
1266 0
1525 1
1171 0
1304 0
1295 0
1045 0
1539 1
1541 0
1076 0
985 0
1128 0
1003 0
909 0
1526 2
1294 0
1035 0
1516 1
1593 2
1569 0
930 0
1556 0
1505 0
1418 0
1576 2
1055 0
1555 1
1570 2
965 0
899 0
1139 0
1159 0
1335 0
1159 0
1287 0
1191 0
1398 0
982 0
1252 0
1276 0
972 0
648 0
1476 0
1604 2
1453 0
840 0
1625 2
954 0
1699 2
1443 0
605 0
1273 0
858 0
1336 0
1045 0
1356 0
1567 0
1580 1
1190 0
815 0
996 0
1035 0
893 0
1096 0
1572 0
1450 0
762 0
1471 0
899 0
1566 1
941 0
1034 0
1086 0
935 0
1531 1
920 0
962 0
1387 0
1159 0
1491 0
1090 0
1609 3
1534 0
1276 0
1581 1
1138 0
982 0
941 0
1096 0
1578 1
1580 2
1512 0
1593 3
1294 0
1035 0
940 0
1408 0
1148 0
1003 0
1367 0
1024 0
1058 0
1211 0
1697 2
1003 0
1525 1
1531 1
1263 0
1190 0
1139 0
1419 0
982 0
868 0
1562 2
1107 0
951 0
1127 0
1304 0
1159 0
1127 0
1184 0
1003 0
1201 0
1585 2
1592 0
1567 2
1356 0
1534 1
791 0
1026 0
993 0
983 0
1336 0
1027 0
709 0
1097 0
1066 0
1089 0
1623 3
1046 0
1087 0
993 0
992 0
1287 0
1055 0
1540 1
1283 0
902 0
1549 0
1080 0
1533 1
1614 2
1055 0
1263 0
1537 1
1096 0
1398 0
1086 0
1308 0
911 0
1570 0
1412 0
1076 0
1492 0
1304 0
1294 0
1193 0
1593 2
1567 2
1530 0
1076 0
941 0
1079 0
902 0
1640 3
1191 0
892 0
1471 0
1006 0
1159 0
878 0
1597 3
1096 0
1549 2
1536 1
1189 0
933 0
891 0
1024 0
1552 1
1242 0
847 0
634 0
985 0
1013 0
1131 0
1139 0
1347 0
1569 1
1419 0
1117 0
1558 0
879 0
1557 1
1315 0
1533 1
1191 0
1086 0
1461 0
1542 1
1315 0
1035 0
1568 1
965 0
1563 0
1563 1
993 0
1525 1
1024 0
930 0
1570 1
1635 3
1223 0
1589 2
930 0
1096 0
1045 0
1422 0
1539 0
1024 0
983 0
982 0
1399 0
1088 0
1535 1
951 0
1294 0
1462 0
1003 0
1159 0
954 0
1119 0
1525 0
1120 0
1252 0
1200 0
1619 2
1325 0
1540 1
1286 0
1419 0
1390 0
951 0
1117 0
1055 0
1346 0
909 0
1127 0
1148 0
1107 0
1387 0
1525 1
1547 1
1650 2
1180 0
1191 0
1388 0
1549 1
1591 3
1024 0
1369 0
1505 0
829 0
1376 0
1545 1
1252 0
1653 1
931 0
1128 0
1232 0
1688 2
1346 0
1169 0
868 0
1356 0
1099 0
1543 1
1622 2
1057 0
1367 0
1180 0
1539 0
1502 0
1191 0
847 0
1087 0
1582 0
1378 0
1615 3
1139 0
1294 0
1388 0
910 0
1611 0
1065 0
868 0
1524 0
1191 0
1096 0
878 0
1401 0
1138 0
1387 0
1046 0
1538 1
1581 3
931 0
920 0
1576 1
858 0
1527 1
1367 0
1159 0
951 0
1211 0
1367 0
1232 0
1026 0
1595 0
1387 0
1546 0
1536 1
1592 2
1356 0
1068 0
888 0
1272 0
1524 1
1356 0
1346 0
1317 0
1505 0
596 0
1216 0
1564 2
1539 1
503 0
1159 0
1023 0
951 0
1548 0
1366 0
1107 0
1273 0
1128 0
940 0
1526 1
1027 0
1315 0
1419 0
1003 0
1463 0
790 0
1538 1
1153 0
1548 1
1110 0
1159 0
1558 1
657 0
1481 0
1190 0
1086 0
1450 0
1252 0
1439 0
1273 0
1252 0
1439 0
1535 1
1494 0
1087 0
1035 0
1408 0
1536 1
1242 0
1527 1
1035 0
933 0
1460 0
1549 1
1232 0
1087 0
1018 0
1350 0
930 0
1182 0
1567 2
1471 0
1628 2
1419 0
1539 2
1453 0
1613 2
1408 0
1356 0
1277 0
1530 1
1347 0
1356 0
1128 0
1231 0
1387 0
1003 0
1387 0
1418 0
1139 0
1480 0
1284 0
923 0
1414 0
1555 2
1139 0
1131 0
1527 1
1283 0
1317 0
1171 0
1527 0
1542 2
1439 0
1636 1
1076 0
1505 0
930 0
1297 0
1556 1
899 0
1335 0
673 0
1537 2
1346 0
1567 1
1036 0
1491 0
1193 0
983 0
940 0
1471 0
1200 0
698 0
1079 0
1212 0
1087 0
1242 0
1451 0
1035 0
1263 0
1263 0
943 0
1128 0
1529 0
1304 0
1107 0
1545 0
1379 0
1304 0
1231 0
1523 0
1551 1
1035 0
1540 2
1450 0
1524 1
996 0
1592 3
1263 0
1558 2
1492 0
1655 0
1128 0
1548 2
1377 0
1076 0
1193 0
1159 0
631 0
1523 0
752 0
1728 3
1024 0
1024 0
930 0
818 0
1034 0
1283 0
739 0
1418 0
1002 0
1193 0
972 0
920 0
941 0
1622 2
1017 0
982 0
1531 0
1529 1
951 0
1014 0
1107 0
1076 0
1007 0
902 0
1139 0
954 0
983 0
1263 0
1086 0
993 0
1059 0
1034 0
1304 0
1014 0
992 0
923 0
710 0
1236 0
1506 1
1387 0
1044 0
920 0
1055 0
1295 0
1335 0
1556 0
1036 0
1252 0
1294 0
1512 1
972 0
1159 0
1555 0
934 0
982 0
1587 3
1356 0
1537 1
940 0
1582 0
1570 1
1297 0
1534 1
1381 0
1643 2
1335 0
942 0
1003 0
1128 0
1524 0
1027 0
1546 0
1530 0
827 0
1491 0
1183 0
1234 0
1169 0
1035 0
1263 0
847 0
1530 1
1587 0
1243 0
605 0
1211 0
1319 0
1045 0
857 0
1460 0
1037 0
1336 0
1583 2
981 0
1604 2
1529 0
1275 0
1118 0
1422 0
1527 1
1408 0
1138 0
920 0
1545 1
1037 0
1531 1
762 0
1643 3
1016 0
1549 0
1079 0
1610 3
1179 0
1527 1
857 0
1398 0
1356 0
1503 1
1451 0
972 0
1471 0
816 0
1565 1
1439 0
1562 2
1526 1
1399 0
920 0
1203 0
1502 1
762 0
1538 1
1065 0
892 0
1419 0
1549 1
1087 0
1088 0
1471 0
972 0
1346 0
1531 1
1390 0
954 0
1561 0
1449 0
752 0
1024 0
816 0
1110 0
972 0
1211 0
1159 0
1096 0
1367 0
1526 0
1003 0
899 0
992 0
1304 0
888 0
1581 0
1231 0
1664 0
1526 0
1367 0
1107 0
1024 0
1609 0
1044 0
1623 0
1211 0
1096 0
1619 0
1212 0
1619 3
1138 0
1335 0
1335 0
1068 0
1346 0
1563 2
1183 0
1256 0
1267 0
860 0
1548 0
1565 1
922 0
1284 0
882 0
1526 0
1346 0
1481 0
1037 0
1502 0
1180 0
1138 0
1086 0
1121 0
