910 0
1037 0
837 0
1044 0
1048 0
1214 0
451 0
951 0
971 0
910 0
1242 0
1067 0
777 0
762 0
1121 0
899 0
1068 0
904 0
923 0
1408 0
1086 0
900 0
1003 0
868 0
634 0
910 0
951 0
739 0
982 0
1440 0
982 0
971 0
1527 1
1221 0
1242 0
923 0
1262 0
659 0
1066 0
1151 0
1065 0
899 0
878 0
972 0
1079 0
1035 0
683 0
940 0
961 0
1335 0
951 0
1055 0
685 0
982 0
982 0
868 0
840 0
1086 0
1274 0
942 0
899 0
1315 0
479 0
1034 0
683 0
1581 2
1078 0
911 0
1263 0
871 0
961 0
1120 0
1076 0
1044 0
1044 0
776 0
944 0
850 0
687 0
686 0
955 0
839 0
379 0
982 0
1190 0
592 0
1066 0
725 0
902 0
595 0
913 0
751 0
1138 0
996 0
1367 0
860 0
1222 0
504 0
891 0
1173 0
1201 0
837 0
765 0
712 0
1152 0
1263 0
961 0
1569 1
940 0
880 0
505 0
540 0
1241 0
961 0
902 0
1471 0
941 0
1148 0
857 0
950 0
1180 0
1453 0
1244 0
944 0
860 0
1016 0
790 0
923 0
593 0
1245 0
1055 0
871 0
1530 1
911 0
966 0
1241 0
868 0
621 0
888 0
1203 0
688 0
1016 0
649 0
1005 0
1131 0
517 0
1429 0
1346 0
1169 0
1289 0
662 0
1287 0
1128 0
1099 0
491 0
992 0
724 0
1431 0
995 0
993 0
1273 0
1065 0
1263 0
1335 0
608 0
478 0
607 0
452 0
792 0
972 0
792 0
1314 0
439 0
726 0
857 0
1195 0
763 0
1244 0
1026 0
593 0
893 0
850 0
1149 0
870 0
836 0
961 0
860 0
813 0
1065 0
972 0
1179 0
1529 1
659 0
712 0
1045 0
713 0
943 0
1221 0
737 0
972 0
923 0
1026 0
1055 0
1065 0
1297 0
1090 0
803 0
984 0
1055 0
646 0
851 0
737 0
1419 0
1356 0
910 0
1169 0
868 0
1158 0
840 0
1148 0
889 0
1034 0
1159 0
841 0
1110 0
996 0
1325 0
1214 0
995 0
1253 0
1058 0
923 0
1065 0
1460 0
974 0
840 0
891 0
556 0
972 0
1140 0
624 0
912 0
1273 0
711 0
1127 0
1525 1
868 0
972 0
712 0
1148 0
870 0
1068 0
951 0
901 0
878 0
478 0
1045 0
1086 0
940 0
1003 0
922 0
699 0
724 0
1170 0
1159 0
1121 0
1076 0
1055 0
685 0
1294 0
726 0
878 0
1091 0
582 0
686 0
1065 0
774 0
973 0
930 0
1054 0
878 0
961 0
700 0
933 0
857 0
1325 0
1110 0
826 0
595 0
554 0
951 0
1039 0
860 0
1037 0
919 0
847 0
648 0
313 0
878 0
776 0
1152 0
1066 0
929 0
634 0
1076 0
793 0
972 0
1169 0
1180 0
791 0
1421 0
568 0
986 0
878 0
921 0
882 0
829 0
1287 0
1076 0
1180 0
1548 1
815 0
1556 2
777 0
964 0
787 0
1089 0
1044 0
1025 0
595 0
933 0
985 0
868 0
606 0
725 0
1318 0
1180 0
1662 3
1148 0
1086 0
699 0
595 0
1027 0
621 0
840 0
1232 0
1319 0
701 0
1044 0
568 0
951 0
931 0
1561 1
1045 0
1235 0
686 0
644 0
713 0
1224 0
1151 0
609 0
686 0
803 0
1298 0
646 0
1148 0
790 0
878 0
662 0
683 0
1044 0
961 0
992 0
868 0
491 0
1170 0
633 0
722 0
1138 0
983 0
878 0
888 0
953 0
737 0
902 0
1075 0
726 0
868 0
1286 0
829 0
713 0
868 0
1138 0
881 0
1047 0
776 0
604 0
1111 0
836 0
1595 1
1086 0
620 0
543 0
985 0
1255 0
933 0
985 0
1357 0
790 0
940 0
992 0
923 0
1182 0
1245 0
839 0
840 0
882 0
892 0
871 0
933 0
920 0
930 0
568 0
658 0
1609 2
962 0
1024 0
891 0
878 0
1100 0
568 0
516 0
1203 0
941 0
1044 0
543 0
1067 0
912 0
912 0
761 0
1006 0
1088 0
1090 0
1055 0
1037 0
1242 0
713 0
1221 0
1242 0
1036 0
329 0
725 0
985 0
514 0
1461 0
660 0
965 0
1514 1
1130 0
838 0
582 0
940 0
567 0
982 0
698 0
1127 0
850 0
849 0
723 0
982 0
751 0
699 0
596 0
1335 0
846 0
556 0
1325 0
1120 0
836 0
983 0
889 0
993 0
1397 0
686 0
553 0
1173 0
1016 0
516 0
941 0
451 0
830 0
860 0
1099 0
881 0
1057 0
1037 0
1180 0
868 0
659 0
1284 0
569 0
1346 0
624 0
940 0
837 0
1391 0
608 0
1047 0
1076 0
1335 0
981 0
777 0
1484 0
1118 0
889 0
1088 0
837 0
735 0
378 0
836 0
726 0
829 0
974 0
1065 0
1016 0
840 0
837 0
1535 1
902 0
1131 0
840 0
1076 0
1242 0
619 0
994 0
1297 0
836 0
995 0
621 0
1055 0
961 0
774 0
1221 0
944 0
1141 0
712 0
955 0
1169 0
985 0
982 0
983 0
889 0
993 0
802 0
657 0
699 0
791 0
1314 0
1256 0
765 0
394 0
817 0
1539 1
881 0
961 0
686 0
787 0
1079 0
993 0
1549 1
1252 0
1224 0
648 0
1006 0
777 0
725 0
763 0
1173 0
393 0
847 0
982 0
1006 0
722 0
1429 0
816 0
517 0
552 0
790 0
738 0
1378 0
955 0
1224 0
1097 0
634 0
608 0
1014 0
1055 0
582 0
858 0
1634 3
860 0
1287 0
847 0
867 0
1089 0
944 0
943 0
1055 0
609 0
1087 0
1138 0
709 0
1211 0
608 0
972 0
579 0
975 0
857 0
1128 0
1263 0
951 0
764 0
803 0
951 0
972 0
1204 0
1014 0
763 0
673 0
849 0
1359 0
592 0
673 0
912 0
1131 0
595 0
391 0
1092 0
1159 0
1034 0
888 0
514 0
1057 0
517 0
1180 0
1138 0
661 0
709 0
857 0
805 0
1026 0
1065 0
816 0
1284 0
1211 0
1398 0
944 0
934 0
850 0
1003 0
871 0
1037 0
1047 0
1086 0
1278 0
1263 0
922 0
504 0
1006 0
1294 0
1429 0
516 0
1503 0
910 0
1253 0
764 0
722 0
660 0
1398 0
891 0
1547 1
1180 0
672 0
504 0
954 0
620 0
1007 0
909 0
362 0
660 0
1324 0
1119 0
1183 0
1109 0
712 0
1044 0
673 0
1069 0
465 0
878 0
1450 0
891 0
1225 0
1252 0
1068 0
764 0
752 0
933 0
1325 0
1211 0
553 0
972 0
878 0
1118 0
570 0
438 0
881 0
934 0
857 0
899 0
1242 0
1075 0
1148 0
1017 0
557 0
868 0
982 0
923 0
751 0
1203 0
1131 0
1047 0
867 0
646 0
868 0
1201 0
1097 0
608 0
660 0
1065 0
725 0
1038 0
881 0
899 0
1220 0
1408 0
1252 0
985 0
902 0
762 0
579 0
1047 0
891 0
899 0
1527 1
1066 0
860 0
814 0
1088 0
951 0
1429 0
1211 0
439 0
761 0
965 0
748 0
993 0
1561 2
840 0
790 0
961 0
1088 0
1460 0
840 0
761 0
1221 0
568 0
750 0
491 0
1201 0
889 0
1276 0
840 0
982 0
1159 0
903 0
1263 0
1525 1
672 0
607 0
1044 0
439 0
377 0
881 0
504 0
912 0
1100 0
760 0
1221 0
1065 0
543 0
505 0
971 0
1273 0
870 0
992 0
961 0
346 0
698 0
1378 0
1429 0
478 0
976 0
544 0
1231 0
1325 0
923 0
944 0
1127 0
878 0
1357 0
974 0
868 0
909 0
748 0
1148 0
1231 0
644 0
478 0
982 0
1193 0
530 0
1253 0
774 0
1231 0
1086 0
1117 0
765 0
1121 0
814 0
816 0
1377 0
813 0
1252 0
761 0
1131 0
1111 0
846 0
712 0
961 0
1169 0
751 0
570 0
1583 3
566 0
713 0
579 0
1065 0
1099 0
394 0
951 0
813 0
868 0
556 0
1055 0
1054 0
881 0
1120 0
878 0
1044 0
1159 0
1159 0
1439 0
878 0
1315 0
993 0
569 0
699 0
1149 0
1592 2
542 0
492 0
1545 1
1047 0
1346 0
1023 0
924 0
672 0
995 0
751 0
1138 0
1152 0
830 0
847 0
1025 0
1087 0
889 0
838 0
1078 0
961 0
505 0
961 0
1044 0
1148 0
982 0
634 0
1581 2
1012 0
993 0
905 0
879 0
378 0
1055 0
1170 0
1277 0
634 0
1138 0
861 0
1142 0
998 0
995 0
910 0
1086 0
712 0
1356 0
859 0
974 0
1148 0
1005 0
1138 0
1449 0
1253 0
1180 0
762 0
993 0
1138 0
972 0
554 0
657 0
1023 0
868 0
618 0
595 0
1380 0
1284 0
1566 2
964 0
1090 0
1180 0
912 0
891 0
752 0
738 0
993 0
1242 0
1298 0
1100 0
1273 0
1201 0
592 0
983 0
1211 0
1076 0
542 0
790 0
1159 0
892 0
1221 0
902 0
608 0
878 0
849 0
1121 0
1180 0
1231 0
1272 0
893 0
595 0
517 0
987 0
919 0
993 0
543 0
1194 0
1162 0
1027 0
972 0
504 0
709 0
1149 0
503 0
1213 0
687 0
983 0
1138 0
982 0
1058 0
841 0
673 0
1044 0
1044 0
1026 0
804 0
1328 0
736 0
264 0
554 0
878 0
1058 0
1023 0
582 0
868 0
1161 0
698 0
683 0
1356 0
826 0
1005 0
850 0
1138 0
583 0
1180 0
634 0
881 0
1127 0
1120 0
709 0
899 0
952 0
1574 2
282 0
736 0
1159 0
975 0
881 0
920 0
878 0
1086 0
857 0
1079 0
634 0
739 0
847 0
816 0
673 0
411 0
868 0
940 0
1495 0
699 0
930 0
593 0
837 0
726 0
1130 0
1057 0
1007 0
892 0
899 0
899 0
1162 0
1034 0
941 0
1017 0
1138 0
912 0
1335 0
787 0
658 0
503 0
898 0
1087 0
699 0
961 0
570 0
972 0
910 0
954 0
973 0
816 0
889 0
556 0
673 0
765 0
955 0
880 0
972 0
725 0
951 0
909 0
659 0
530 0
556 0
1242 0
1055 0
1141 0
1103 0
764 0
1263 0
838 0
851 0
878 0
503 0
847 0
871 0
1149 0
1138 0
878 0
994 0
889 0
996 0
621 0
1149 0
646 0
995 0
378 0
803 0
941 0
491 0
790 0
1263 0
892 0
933 0
889 0
891 0
622 0
452 0
1110 0
1068 0
993 0
920 0
1182 0
826 0
1069 0
1076 0
1035 0
951 0
1099 0
1037 0
1409 0
934 0
776 0
1076 0
618 0
467 0
1076 0
621 0
1117 0
1484 0
1253 0
790 0
709 0
899 0
915 0
1183 0
790 0
556 0
439 0
1461 0
816 0
1325 0
763 0
683 0
518 0
904 0
660 0
952 0
1035 0
870 0
556 0
1047 0
880 0
1128 0
982 0
725 0
851 0
803 0
752 0
452 0
774 0
941 0
902 0
761 0
923 0
1055 0
867 0
661 0
847 0
1076 0
684 0
1076 0
594 0
1107 0
750 0
984 0
789 0
378 0
1137 0
479 0
439 0
1131 0
803 0
1131 0
466 0
850 0
582 0
478 0
1439 0
913 0
982 0
891 0
850 0
439 0
1038 0
621 0
1034 0
543 0
764 0
712 0
954 0
725 0
739 0
1262 0
964 0
491 0
1120 0
963 0
1110 0
993 0
621 0
1044 0
775 0
647 0
683 0
1055 0
961 0
1242 0
934 0
737 0
892 0
1018 0
940 0
944 0
1137 0
1526 1
920 0
631 0
777 0
478 0
995 0
839 0
982 0
1615 1
930 0
1130 0
620 0
912 0
1109 0
1325 0
1014 0
1267 0
1646 3
923 0
839 0
1315 0
1045 0
1034 0
972 0
329 0
942 0
972 0
725 0
891 0
1273 0
1210 0
748 0
867 0
889 0
1047 0
1148 0
1024 0
673 0
517 0
570 0
815 0
621 0
912 0
776 0
1200 0
1570 0
1055 0
1263 0
1023 0
647 0
1138 0
899 0
1070 0
1131 0
930 0
1263 0
790 0
1182 0
1026 0
1017 0
829 0
1535 1
1086 0
930 0
787 0
825 0
1169 0
1127 0
778 0
913 0
1221 0
789 0
425 0
951 0
711 0
1055 0
899 0
673 0
1076 0
737 0
1055 0
738 0
1058 0
1287 0
725 0
777 0
644 0
1210 0
489 0
646 0
1038 0
1419 0
940 0
686 0
972 0
1048 0
724 0
764 0
621 0
817 0
1148 0
942 0
931 0
1128 0
1013 0
775 0
1068 0
1023 0
951 0
683 0
911 0
954 0
941 0
1491 0
828 0
726 0
725 0
961 0
1163 0
1221 0
923 0
674 0
1120 0
712 0
1089 0
871 0
1283 0
1366 0
1304 0
1024 0
868 0
774 0
516 0
951 0
934 0
899 0
889 0
813 0
972 0
867 0
594 0
858 0
930 0
1492 0
1422 0
859 0
1491 0
857 0
477 0
1346 0
940 0
801 0
1429 0
750 0
867 0
1325 0
1055 0
1266 0
1274 0
712 0
646 0
849 0
1180 0
661 0
889 0
542 0
297 0
1169 0
765 0
899 0
1055 0
1325 0
829 0
881 0
725 0
901 0
764 0
594 0
1025 0
1262 0
1138 0
1512 1
993 0
1411 0
465 0
889 0
1045 0
900 0
555 0
738 0
659 0
943 0
1076 0
1286 0
1390 0
1016 0
920 0
857 0
595 0
594 0
491 0
986 0
649 0
1242 0
1273 0
777 0
644 0
556 0
1284 0
860 0
966 0
622 0
1308 0
951 0
791 0
1055 0
569 0
837 0
1087 0
858 0
1439 0
787 0
596 0
1003 0
803 0
674 0
1305 0
1148 0
1221 0
1335 0
738 0
635 0
556 0
972 0
1058 0
1027 0
972 0
764 0
993 0
889 0
995 0
1076 0
1078 0
1016 0
1079 0
1584 2
1076 0
1038 0
1090 0
1118 0
1231 0
1065 0
1180 0
1335 0
943 0
868 0
857 0
871 0
790 0
711 0
848 0
839 0
828 0
996 0
1439 0
871 0
1273 0
1315 0
1180 0
815 0
993 0
929 0
1086 0
1100 0
995 0
993 0
1044 0
1512 1
871 0
1065 0
1211 0
955 0
581 0
933 0
871 0
582 0
725 0
1183 0
872 0
313 0
983 0
813 0
1066 0
1439 0
878 0
870 0
683 0
394 0
737 0
1065 0
1429 0
1023 0
1242 0
752 0
597 0
1091 0
817 0
1049 0
1460 0
1076 0
725 0
836 0
851 0
1532 1
1067 0
888 0
941 0
1183 0
1055 0
1273 0
995 0
748 0
1170 0
902 0
543 0
1055 0
1107 0
1169 0
570 0
1461 0
554 0
644 0
1325 0
911 0
1159 0
929 0
657 0
1068 0
941 0
491 0
955 0
543 0
1026 0
776 0
1367 0
1109 0
1471 0
982 0
983 0
516 0
982 0
712 0
983 0
951 0
362 0
899 0
888 0
750 0
595 0
647 0
891 0
851 0
1421 0
1451 0
488 0
902 0
1119 0
1097 0
1184 0
829 0
501 0
1252 0
1522 1
940 0
940 0
882 0
965 0
1193 0
974 0
868 0
941 0
504 0
940 0
1231 0
1025 0
581 0
635 0
1058 0
920 0
1044 0
1087 0
951 0
940 0
1148 0
687 0
1027 0
830 0
1170 0
953 0
899 0
1611 2
595 0
1055 0
838 0
1055 0
1213 0
1391 0
934 0
993 0
1148 0
1349 0
1003 0
899 0
1429 0
1035 0
647 0
1397 0
1549 2
565 0
982 0
1014 0
1367 0
839 0
1461 0
1069 0
1555 2
996 0
860 0
803 0
1014 0
1086 0
839 0
971 0
941 0
674 0
1180 0
1142 0
1076 0
931 0
964 0
518 0
951 0
813 0
983 0
621 0
1527 1
1231 0
1328 0
982 0
971 0
1006 0
971 0
504 0
982 0
543 0
1055 0
519 0
1066 0
943 0
1086 0
902 0
1109 0
1058 0
857 0
954 0
657 0
1528 1
1149 0
930 0
1314 0
1055 0
982 0
857 0
673 0
1120 0
1183 0
361 0
951 0
790 0
673 0
1202 0
951 0
557 0
1159 0
922 0
813 0
516 0
889 0
1100 0
1553 2
1048 0
799 0
1314 0
803 0
1129 0
881 0
1149 0
1034 0
1305 0
565 0
846 0
803 0
505 0
1016 0
961 0
582 0
1110 0
1067 0
1015 0
860 0
944 0
933 0
1087 0
1625 3
1067 0
1159 0
891 0
826 0
881 0
789 0
777 0
700 0
868 0
1252 0
1221 0
902 0
1149 0
530 0
1117 0
1346 0
725 0
1014 0
1328 0
595 0
517 0
868 0
531 0
1293 0
1138 0
1170 0
1276 0
761 0
1034 0
942 0
1149 0
1016 0
1159 0
934 0
909 0
1367 0
974 0
816 0
1026 0
880 0
1180 0
790 0
867 0
1100 0
751 0
595 0
899 0
700 0
985 0
1037 0
1068 0
726 0
902 0
410 0
778 0
1017 0
1568 1
1034 0
982 0
478 0
1413 0
889 0
1086 0
961 0
839 0
700 0
993 0
850 0
787 0
1089 0
839 0
1138 0
1035 0
1080 0
910 0
1108 0
993 0
660 0
620 0
777 0
871 0
660 0
789 0
543 0
1087 0
1523 1
972 0
595 0
1075 0
1159 0
912 0
516 0
922 0
857 0
713 0
829 0
618 0
972 0
913 0
1065 0
1006 0
891 0
1045 0
582 0
1148 0
427 0
1075 0
872 0
724 0
1254 0
878 0
1439 0
570 0
392 0
847 0
1068 0
1097 0
738 0
1235 0
1201 0
1201 0
892 0
840 0
996 0
1149 0
1224 0
982 0
595 0
556 0
847 0
995 0
452 0
1141 0
943 0
751 0
1006 0
1335 0
983 0
902 0
899 0
1212 0
608 0
1429 0
657 0
1242 0
1086 0
933 0
857 0
972 0
955 0
983 0
1159 0
1221 0
952 0
899 0
1367 0
1263 0
777 0
1430 0
992 0
762 0
1643 1
888 0
1346 0
1173 0
920 0
951 0
621 0
452 0
878 0
848 0
941 0
1346 0
1190 0
982 0
1172 0
860 0
1055 0
1159 0
491 0
621 0
530 0
726 0
751 0
868 0
1027 0
971 0
888 0
850 0
1538 1
377 0
569 0
1100 0
1566 1
930 0
1048 0
881 0
1315 0
888 0
961 0
871 0
1460 0
912 0
962 0
930 0
888 0
998 0
1159 0
541 0
1159 0
1148 0
1367 0
982 0
1110 0
1503 0
688 0
1610 1
961 0
1078 0
1117 0
1055 0
965 0
1159 0
1069 0
1450 0
488 0
993 0
871 0
699 0
1087 0
910 0
1169 0
1305 0
1107 0
1279 0
477 0
764 0
1159 0
713 0
647 0
1058 0
517 0
943 0
951 0
452 0
951 0
1141 0
660 0
962 0
765 0
857 0
1065 0
723 0
1623 3
1130 0
1027 0
618 0
764 0
1523 1
1559 1
840 0
1138 0
902 0
995 0
662 0
1581 1
1097 0
1055 0
595 0
559 0
1140 0
609 0
851 0
790 0
659 0
900 0
1252 0
791 0
1201 0
892 0
890 0
961 0
868 0
892 0
1058 0
857 0
923 0
1356 0
1429 0
595 0
856 0
1077 0
378 0
849 0
850 0
1172 0
888 0
738 0
455 0
1027 0
648 0
647 0
1252 0
868 0
582 0
1432 0
871 0
901 0
566 0
993 0
1065 0
1087 0
1328 0
787 0
1097 0
1255 0
839 0
954 0
993 0
1045 0
790 0
1025 0
868 0
504 0
1252 0
1099 0
1025 0
995 0
738 0
1252 0
1221 0
618 0
1107 0
892 0
1130 0
847 0
889 0
657 0
1097 0
1610 3
1380 0
912 0
943 0
1087 0
490 0
984 0
1013 0
345 0
699 0
1408 0
660 0
1027 0
700 0
1201 0
1138 0
1089 0
1336 0
687 0
1055 0
1078 0
1086 0
869 0
1169 0
661 0
452 0
1411 0
1055 0
647 0
439 0
890 0
888 0
1225 0
1003 0
1065 0
674 0
868 0
687 0
940 0
1588 2
813 0
330 0
1118 0
913 0
1138 0
659 0
748 0
951 0
1367 0
878 0
1304 0
964 0
922 0
1026 0
1345 0
975 0
1108 0
868 0
1568 1
1086 0
1065 0
764 0
1120 0
711 0
1450 0
1055 0
848 0
1076 0
1016 0
752 0
1169 0
951 0
1108 0
1211 0
1055 0
725 0
1599 1
1318 0
1026 0
1128 0
961 0
1045 0
1065 0
464 0
488 0
748 0
934 0
452 0
491 0
972 0
1263 0
899 0
930 0
943 0
1180 0
1128 0
1086 0
1536 2
888 0
1495 0
660 0
893 0
1163 0
996 0
1561 2
688 0
1059 0
945 0
1542 2
1356 0
1515 1
608 0
621 0
738 0
1524 1
972 0
1090 0
1138 0
1252 0
889 0
634 0
658 0
726 0
1119 0
983 0
1055 0
964 0
902 0
1148 0
964 0
1006 0
880 0
1004 0
790 0
998 0
1338 0
813 0
725 0
764 0
836 0
1034 0
941 0
1263 0
867 0
699 0
725 0
672 0
621 0
1329 0
1130 0
1336 0
465 0
1065 0
724 0
986 0
899 0
1007 0
972 0
940 0
776 0
993 0
857 0
899 0
595 0
1110 0
888 0
971 0
1180 0
567 0
839 0
751 0
932 0
672 0
313 0
878 0
862 0
1335 0
1069 0
1003 0
1048 0
1180 0
504 0
410 0
1004 0
594 0
774 0
961 0
868 0
1024 0
944 0
923 0
993 0
1307 0
1526 1
1169 0
699 0
1006 0
838 0
972 0
850 0
1044 0
1138 0
993 0
725 0
940 0
881 0
997 0
1057 0
858 0
1367 0
1357 0
830 0
1398 0
836 0
1214 0
449 0
713 0
1130 0
1274 0
892 0
933 0
878 0
1078 0
1159 0
881 0
1044 0
647 0
857 0
570 0
687 0
964 0
1108 0
1263 0
899 0
631 0
817 0
1411 0
813 0
739 0
1439 0
608 0
830 0
919 0
1231 0
699 0
993 0
951 0
860 0
517 0
1308 0
751 0
923 0
1138 0
1079 0
1047 0
608 0
557 0
329 0
1046 0
1214 0
933 0
504 0
847 0
829 0
974 0
1159 0
1034 0
591 0
951 0
790 0
868 0
1180 0
878 0
1035 0
944 0
1163 0
913 0
923 0
582 0
1097 0
1339 0
1335 0
699 0
1100 0
1412 0
964 0
1568 2
870 0
1003 0
345 0
982 0
996 0
1048 0
816 0
965 0
837 0
971 0
582 0
1141 0
1023 0
892 0
951 0
777 0
1086 0
1179 0
1044 0
1037 0
1252 0
724 0
860 0
750 0
764 0
902 0
920 0
881 0
1408 0
1005 0
973 0
774 0
1242 0
1295 0
609 0
646 0
621 0
1171 0
962 0
594 0
1016 0
1193 0
972 0
934 0
933 0
933 0
712 0
961 0
491 0
1137 0
764 0
1038 0
725 0
280 0
951 0
891 0
647 0
646 0
961 0
728 0
1138 0
1450 0
881 0
1034 0
1211 0
1273 0
647 0
709 0
1530 1
867 0
621 0
636 0
899 0
1169 0
1541 2
635 0
868 0
1086 0
672 0
1325 0
1325 0
776 0
761 0
711 0
1172 0
1066 0
762 0
1003 0
1378 0
972 0
1367 0
1201 0
494 0
725 0
1044 0
857 0
953 0
660 0
699 0
644 0
568 0
1193 0
912 0
1273 0
1013 0
1169 0
709 0
1099 0
1023 0
569 0
1118 0
1057 0
1037 0
993 0
607 0
686 0
1481 0
686 0
1024 0
790 0
1408 0
1337 0
851 0
1276 0
982 0
595 0
1356 0
940 0
993 0
609 0
889 0
964 0
837 0
622 0
1065 0
776 0
660 0
1273 0
1003 0
1304 0
582 0
837 0
582 0
570 0
465 0
1076 0
1540 1
763 0
751 0
1023 0
1183 0
556 0
1076 0
982 0
850 0
951 0
1149 0
982 0
582 0
751 0
737 0
933 0
751 0
902 0
1440 0
910 0
527 0
635 0
951 0
672 0
722 0
857 0
1589 1
922 0
377 0
972 0
1277 0
871 0
1076 0
1222 0
558 0
1006 0
944 0
531 0
492 0
1078 0
934 0
1139 0
847 0
569 0
378 0
762 0
974 0
1221 0
931 0
674 0
868 0
1033 0
996 0
878 0
1439 0
725 0
594 0
860 0
727 0
840 0
882 0
920 0
425 0
889 0
923 0
859 0
1107 0
1193 0
1159 0
789 0
1045 0
964 0
709 0
1075 0
735 0
943 0
568 0
860 0
878 0
1337 0
543 0
1003 0
1419 0
1055 0
791 0
889 0
592 0
789 0
899 0
997 0
1245 0
724 0
764 0
931 0
1151 0
975 0
1170 0
725 0
553 0
1356 0
739 0
230 0
815 0
1066 0
1210 0
1252 0
1242 0
878 0
517 0
686 0
868 0
1055 0
748 0
1087 0
466 0
553 0
1170 0
1078 0
1169 0
700 0
829 0
777 0
1055 0
623 0
579 0
647 0
1274 0
1034 0
1075 0
1065 0
829 0
889 0
1159 0
713 0
996 0
934 0
1065 0
901 0
529 0
923 0
1356 0
791 0
1296 0
1180 0
596 0
1024 0
867 0
787 0
1170 0
889 0
1262 0
700 0
1034 0
699 0
557 0
1162 0
581 0
1159 0
1014 0
1463 0
518 0
1222 0
944 0
972 0
1234 0
1159 0
1159 0
621 0
761 0
878 0
802 0
454 0
1421 0
1024 0
804 0
902 0
942 0
1214 0
1159 0
1087 0
635 0
1574 2
1055 0
974 0
836 0
1191 0
595 0
899 0
1305 0
943 0
660 0
804 0
878 0
802 0
919 0
608 0
595 0
1141 0
1180 0
951 0
1262 0
972 0
1419 0
311 0
889 0
1294 0
943 0
1087 0
1045 0
982 0
933 0
1148 0
657 0
1169 0
346 0
952 0
993 0
965 0
528 0
847 0
1169 0
790 0
1078 0
982 0
964 0
1357 0
427 0
1273 0
777 0
954 0
837 0
725 0
961 0
1297 0
581 0
764 0
1305 0
878 0
816 0
920 0
1266 0
902 0
738 0
624 0
847 0
773 0
899 0
816 0
556 0
436 0
850 0
1038 0
1089 0
1034 0
1274 0
868 0
985 0
1307 0
670 0
1201 0
542 0
1058 0
699 0
802 0
950 0
1275 0
972 0
1159 0
1058 0
1055 0
646 0
992 0
1025 0
517 0
993 0
1296 0
725 0
1242 0
909 0
1429 0
954 0
848 0
1027 0
1232 0
543 0
803 0
555 0
1045 0
1159 0
993 0
530 0
1149 0
737 0
1014 0
777 0
558 0
800 0
764 0
951 0
982 0
1170 0
1055 0
1162 0
608 0
751 0
1162 0
1076 0
944 0
1440 0
738 0
1378 0
1276 0
713 0
1027 0
1190 0
1059 0
1027 0
803 0
748 0
828 0
698 0
1360 0
902 0
1100 0
961 0
608 0
1348 0
1180 0
870 0
993 0
878 0
622 0
361 0
791 0
711 0
491 0
607 0
1242 0
478 0
1138 0
922 0
1107 0
475 0
902 0
879 0
673 0
1307 0
530 0
954 0
857 0
1284 0
738 0
940 0
752 0
1401 0
1055 0
1128 0
1086 0
738 0
1294 0
893 0
725 0
1086 0
1069 0
1349 0
1273 0
857 0
661 0
1170 0
764 0
961 0
635 0
813 0
1047 0
972 0
1639 3
1159 0
1065 0
1128 0
985 0
922 0
827 0
477 0
940 0
961 0
634 0
899 0
941 0
439 0
661 0
543 0
517 0
982 0
1148 0
857 0
993 0
940 0
581 0
451 0
1086 0
752 0
912 0
902 0
673 0
1065 0
932 0
1065 0
344 0
722 0
816 0
868 0
566 0
847 0
1318 0
1308 0
910 0
951 0
817 0
1148 0
1129 0
1294 0
712 0
1325 0
878 0
504 0
1066 0
1335 0
504 0
1100 0
1065 0
1026 0
944 0
889 0
634 0
1277 0
803 0
972 0
912 0
775 0
1086 0
860 0
923 0
922 0
1044 0
972 0
1037 0
1255 0
738 0
1335 0
1307 0
686 0
713 0
659 0
739 0
774 0
881 0
686 0
1138 0
1099 0
1044 0
1529 1
725 0
993 0
930 0
1245 0
764 0
657 0
889 0
870 0
725 0
993 0
619 0
1440 0
941 0
1027 0
974 0
889 0
1055 0
1263 0
1527 1
869 0
910 0
1242 0
961 0
982 0
868 0
1206 0
1017 0
1086 0
1162 0
621 0
940 0
929 0
619 0
1356 0
1275 0
813 0
751 0
941 0
752 0
427 0
881 0
861 0
1231 0
579 0
857 0
750 0
1086 0
964 0
889 0
899 0
1131 0
698 0
943 0
1106 0
868 0
857 0
608 0
553 0
857 0
712 0
899 0
930 0
1242 0
889 0
1309 0
711 0
1245 0
964 0
1453 0
514 0
961 0
993 0
1054 0
932 0
902 0
790 0
737 0
777 0
902 0
595 0
1034 0
592 0
1034 0
1553 1
1079 0
634 0
891 0
1044 0
1356 0
1307 0
961 0
909 0
1201 0
634 0
1086 0
975 0
605 0
1244 0
913 0
1535 1
1335 0
1276 0
867 0
878 0
660 0
953 0
581 0
1357 0
1034 0
972 0
901 0
543 0
972 0
1055 0
963 0
1120 0
868 0
330 0
699 0
1400 0
609 0
1223 0
1265 0
889 0
790 0
847 0
803 0
1180 0
790 0
725 0
1015 0
839 0
297 0
1035 0
858 0
840 0
1130 0
670 0
802 0
840 0
1159 0
544 0
982 0
1173 0
940 0
913 0
1065 0
1065 0
1159 0
974 0
1122 0
982 0
992 0
903 0
983 0
1065 0
982 0
478 0
899 0
951 0
1120 0
878 0
841 0
556 0
888 0
542 0
941 0
515 0
674 0
1179 0
1044 0
933 0
1065 0
847 0
1328 0
878 0
1201 0
828 0
881 0
1055 0
912 0
1252 0
839 0
634 0
1152 0
465 0
878 0
1231 0
1253 0
686 0
951 0
1274 0
1169 0
328 0
878 0
920 0
1335 0
889 0
1138 0
1044 0
1024 0
836 0
450 0
868 0
609 0
847 0
1024 0
774 0
868 0
582 0
1007 0
686 0
836 0
516 0
1266 0
1346 0
1148 0
622 0
1045 0
954 0
992 0
910 0
941 0
933 0
955 0
1159 0
955 0
491 0
670 0
964 0
465 0
972 0
517 0
934 0
1530 1
1140 0
609 0
635 0
971 0
1287 0
826 0
1242 0
972 0
673 0
881 0
711 0
975 0
1367 0
1128 0
1169 0
1058 0
1076 0
984 0
837 0
1169 0
923 0
861 0
1225 0
859 0
764 0
621 0
361 0
556 0
556 0
1356 0
723 0
1013 0
450 0
621 0
712 0
776 0
1373 0
1044 0
801 0
1397 0
1180 0
1357 0
1222 0
1275 0
828 0
579 0
621 0
623 0
660 0
868 0
620 0
394 0
1128 0
930 0
1306 0
985 0
839 0
880 0
933 0
961 0
1055 0
1138 0
1055 0
674 0
1526 1
1169 0
899 0
1286 0
776 0
839 0
514 0
846 0
867 0
738 0
1461 0
557 0
1016 0
861 0
982 0
846 0
1111 0
891 0
569 0
647 0
993 0
699 0
881 0
1170 0
1066 0
660 0
1263 0
982 0
993 0
839 0
1078 0
829 0
1017 0
965 0
1086 0
1318 0
491 0
1016 0
851 0
1524 1
1273 0
899 0
1055 0
1266 0
607 0
972 0
1450 0
1335 0
1263 0
394 0
803 0
1214 0
748 0
1129 0
920 0
951 0
594 0
910 0
688 0
1562 1
910 0
633 0
940 0
478 0
1037 0
764 0
1263 0
452 0
1514 1
1172 0
1460 0
1056 0
608 0
985 0
829 0
724 0
888 0
1223 0
724 0
813 0
764 0
849 0
1401 0
868 0
738 0
579 0
1356 0
975 0
1173 0
648 0
1607 3
961 0
491 0
961 0
1212 0
951 0
1252 0
1059 0
993 0
933 0
633 0
673 0
899 0
699 0
1213 0
790 0
689 0
838 0
1231 0
805 0
920 0
829 0
1629 3
1304 0
737 0
1086 0
1152 0
1315 0
1159 0
569 0
411 0
972 0
1224 0
1450 0
1065 0
878 0
1055 0
465 0
923 0
1223 0
647 0
660 0
1307 0
1567 1
889 0
1169 0
1024 0
1065 0
394 0
1221 0
904 0
804 0
427 0
529 0
725 0
1211 0
816 0
1564 1
985 0
923 0
1055 0
503 0
911 0
686 0
790 0
661 0
1159 0
673 0
608 0
1171 0
1559 1
1204 0
1494 0
889 0
992 0
1611 3
803 0
1038 0
1263 0
1023 0
571 0
1162 0
1101 0
1023 0
581 0
1180 0
1159 0
899 0
631 0
899 0
995 0
1180 0
1512 1
1356 0
761 0
1159 0
1100 0
951 0
685 0
1314 0
660 0
1099 0
660 0
931 0
871 0
659 0
982 0
540 0
911 0
748 0
1252 0
961 0
1442 0
1003 0
789 0
1204 0
816 0
1066 0
986 0
1128 0
951 0
516 0
828 0
993 0
1159 0
595 0
1194 0
1429 0
595 0
674 0
1152 0
1440 0
1231 0
751 0
1066 0
1159 0
829 0
644 0
1149 0
777 0
940 0
1159 0
993 0
647 0
934 0
902 0
857 0
1109 0
687 0
953 0
595 0
1460 0
1097 0
1335 0
934 0
924 0
1308 0
683 0
748 0
1117 0
738 0
596 0
1502 1
867 0
1159 0
610 0
922 0
1170 0
556 0
815 0
1069 0
881 0
1530 1
868 0
764 0
868 0
830 0
952 0
778 0
1335 0
878 0
1524 1
1036 0
993 0
1409 0
1004 0
1440 0
900 0
951 0
1190 0
940 0
849 0
1013 0
751 0
685 0
699 0
527 0
1241 0
647 0
1422 0
919 0
1162 0
1069 0
850 0
813 0
1242 0
1231 0
622 0
673 0
1231 0
1539 1
1297 0
1076 0
964 0
1148 0
660 0
1055 0
1356 0
329 0
961 0
995 0
648 0
777 0
1398 0
1564 3
805 0
920 0
1138 0
1205 0
802 0
647 0
764 0
555 0
1306 0
972 0
1014 0
920 0
595 0
804 0
1180 0
889 0
738 0
488 0
1034 0
248 0
933 0
1367 0
1283 0
779 0
902 0
902 0
609 0
1045 0
1086 0
920 0
1444 0
1110 0
1274 0
1273 0
790 0
1016 0
889 0
765 0
971 0
900 0
861 0
773 0
1003 0
1170 0
1297 0
504 0
569 0
1172 0
902 0
1096 0
1276 0
1107 0
1368 0
871 0
711 0
961 0
1057 0
1128 0
622 0
1273 0
941 0
1495 0
964 0
1055 0
920 0
764 0
1055 0
556 0
1078 0
1148 0
993 0
764 0
1502 0
595 0
892 0
582 0
1512 1
712 0
1141 0
569 0
1419 0
1182 0
777 0
328 0
899 0
1130 0
248 0
1118 0
1091 0
850 0
975 0
686 0
1092 0
964 0
1091 0
531 0
1044 0
751 0
1148 0
634 0
840 0
850 0
700 0
1523 1
1450 0
635 0
961 0
698 0
923 0
751 0
867 0
621 0
528 0
903 0
889 0
962 0
466 0
635 0
726 0
478 0
752 0
982 0
1367 0
312 0
1569 3
264 0
982 0
1005 0
803 0
449 0
871 0
961 0
1224 0
1149 0
778 0
761 0
556 0
972 0
878 0
364 0
1549 1
1390 0
972 0
829 0
778 0
426 0
971 0
1169 0
983 0
954 0
1044 0
1528 1
790 0
556 0
673 0
1130 0
790 0
1235 0
1034 0
1066 0
847 0
857 0
1149 0
1015 0
1149 0
995 0
516 0
974 0
1241 0
889 0
1138 0
888 0
888 0
1100 0
1235 0
1255 0
857 0
941 0
829 0
1075 0
847 0
1013 0
888 0
1086 0
857 0
712 0
1152 0
1054 0
1370 0
922 0
1055 0
993 0
1273 0
1055 0
489 0
619 0
1058 0
804 0
581 0
1263 0
1169 0
1004 0
868 0
329 0
1433 0
803 0
1325 0
658 0
860 0
1089 0
504 0
619 0
836 0
634 0
787 0
491 0
1546 1
1086 0
648 0
1117 0
1201 0
752 0
1016 0
1191 0
954 0
778 0
1014 0
857 0
889 0
712 0
974 0
765 0
1231 0
595 0
1028 0
1231 0
1171 0
1550 1
748 0
440 0
899 0
1152 0
1058 0
982 0
923 0
952 0
878 0
1346 0
1284 0
1110 0
914 0
569 0
899 0
1127 0
1222 0
899 0
933 0
1169 0
1055 0
867 0
475 0
1035 0
1179 0
1223 0
954 0
1087 0
1086 0
1055 0
699 0
923 0
878 0
1453 0
568 0
724 0
892 0
1023 0
951 0
1026 0
1273 0
1066 0
1450 0
1076 0
963 0
801 0
1044 0
764 0
791 0
940 0
765 0
1121 0
1034 0
840 0
1295 0
857 0
492 0
1033 0
477 0
1338 0
1037 0
920 0
1065 0
1450 0
892 0
1571 2
738 0
672 0
1034 0
869 0
751 0
817 0
1058 0
871 0
1055 0
567 0
954 0
858 0
1429 0
699 0
879 0
1263 0
813 0
933 0
394 0
816 0
1151 0
1220 0
892 0
900 0
1555 1
888 0
789 0
878 0
699 0
1583 2
973 0
618 0
607 0
975 0
1537 1
972 0
761 0
889 0
1027 0
491 0
878 0
1169 0
1138 0
777 0
609 0
1555 2
878 0
777 0
1535 1
762 0
1047 0
974 0
465 0
1045 0
950 0
750 0
857 0
1367 0
1193 0
711 0
709 0
961 0
1089 0
1234 0
1221 0
1076 0
686 0
514 0
881 0
1047 0
847 0
1172 0
623 0
871 0
1087 0
1148 0
501 0
1016 0
1044 0
1132 0
764 0
1314 0
1273 0
982 0
1232 0
971 0
1532 1
1193 0
675 0
1044 0
1028 0
1170 0
985 0
963 0
1141 0
409 0
1065 0
708 0
889 0
850 0
889 0
1221 0
1008 0
972 0
1044 0
1522 1
478 0
726 0
1118 0
1471 0
752 0
965 0
1037 0
940 0
1252 0
892 0
582 0
951 0
888 0
519 0
452 0
1065 0
1016 0
1263 0
872 0
531 0
1110 0
1097 0
951 0
951 0
1013 0
904 0
765 0
1356 0
673 0
1367 0
1231 0
683 0
1162 0
1005 0
1046 0
972 0
858 0
465 0
971 0
923 0
861 0
569 0
1055 0
1054 0
763 0
790 0
765 0
892 0
1328 0
1273 0
1378 0
792 0
1027 0
672 0
1266 0
837 0
1158 0
1276 0
943 0
982 0
878 0
1138 0
1173 0
963 0
792 0
913 0
686 0
1152 0
1524 1
671 0
1277 0
1466 0
1027 0
878 0
1100 0
930 0
1180 0
494 0
393 0
829 0
1169 0
660 0
1637 3
829 0
829 0
660 0
1284 0
871 0
992 0
965 0
1137 0
751 0
1034 0
1044 0
899 0
975 0
954 0
1092 0
1045 0
1006 0
1057 0
1193 0
889 0
1025 0
1182 0
983 0
1128 0
1452 0
1169 0
898 0
1065 0
872 0
698 0
1027 0
1119 0
1190 0
878 0
528 0
933 0
1159 0
816 0
1523 1
1100 0
1348 0
923 0
1138 0
1110 0
788 0
950 0
1298 0
899 0
738 0
1242 0
475 0
816 0
1148 0
971 0
792 0
933 0
477 0
829 0
699 0
1076 0
686 0
920 0
1559 1
1450 0
697 0
593 0
1318 0
850 0
1086 0
1526 1
1335 0
1554 3
1068 0
829 0
1034 0
1562 1
712 0
1057 0
1044 0
923 0
1550 1
540 0
1606 2
1190 0
553 0
1006 0
1252 0
840 0
829 0
1016 0
725 0
900 0
1131 0
1464 0
648 0
738 0
556 0
1325 0
1068 0
1086 0
1117 0
453 0
1100 0
983 0
531 0
1329 0
1033 0
764 0
789 0
1578 2
1502 0
975 0
1429 0
804 0
972 0
1055 0
1304 0
899 0
647 0
596 0
909 0
699 0
737 0
993 0
1159 0
953 0
881 0
1380 0
738 0
878 0
491 0
346 0
622 0
529 0
1242 0
1058 0
529 0
1026 0
1315 0
982 0
940 0
1048 0
617 0
1367 0
1076 0
878 0
962 0
1097 0
1273 0
1356 0
878 0
491 0
889 0
724 0
1047 0
764 0
1151 0
394 0
972 0
346 0
1099 0
658 0
1110 0
804 0
621 0
777 0
1294 0
518 0
984 0
1138 0
1117 0
950 0
622 0
1097 0
1016 0
997 0
1629 2
1118 0
847 0
1231 0
1148 0
712 0
1503 1
1108 0
737 0
622 0
1263 0
594 0
750 0
1024 0
1047 0
941 0
860 0
1045 0
1159 0
556 0
760 0
1058 0
899 0
1016 0
738 0
1242 0
923 0
1215 0
777 0
1307 0
829 0
1244 0
1159 0
1016 0
1380 0
1380 0
526 0
932 0
569 0
1204 0
543 0
1450 0
1055 0
329 0
951 0
712 0
1170 0
1065 0
996 0
878 0
1079 0
1252 0
857 0
737 0
941 0
1335 0
1397 0
391 0
877 0
700 0
829 0
504 0
961 0
660 0
1349 0
1148 0
660 0
1004 0
857 0
933 0
878 0
912 0
878 0
1109 0
648 0
1055 0
738 0
778 0
931 0
1065 0
847 0
982 0
974 0
878 0
528 0
1068 0
993 0
929 0
1079 0
1304 0
1076 0
790 0
763 0
901 0
828 0
1337 0
993 0
923 0
1304 0
608 0
1263 0
517 0
658 0
1076 0
993 0
847 0
391 0
593 0
951 0
1024 0
1502 1
982 0
1524 1
1117 0
972 0
993 0
660 0
1328 0
713 0
544 0
1034 0
1412 0
1141 0
857 0
998 0
891 0
1297 0
1429 0
881 0
975 0
1194 0
1068 0
689 0
1121 0
1453 0
951 0
1600 2
972 0
1025 0
503 0
1388 0
1066 0
868 0
621 0
1047 0
1266 0
899 0
1065 0
777 0
933 0
993 0
1148 0
850 0
505 0
815 0
1231 0
1076 0
787 0
1087 0
738 0
941 0
516 0
426 0
1006 0
542 0
912 0
673 0
955 0
778 0
951 0
439 0
888 0
1016 0
992 0
1038 0
712 0
878 0
900 0
619 0
1089 0
1023 0
1529 1
658 0
426 0
1044 0
1367 0
1408 0
1231 0
517 0
837 0
774 0
787 0
739 0
1016 0
464 0
804 0
1346 0
1252 0
592 0
965 0
878 0
479 0
900 0
828 0
621 0
762 0
1360 0
556 0
1005 0
1180 0
871 0
699 0
804 0
1242 0
762 0
963 0
860 0
1016 0
950 0
1265 0
1180 0
847 0
314 0
1390 0
1305 0
893 0
964 0
568 0
972 0
622 0
829 0
1128 0
1079 0
608 0
993 0
635 0
1128 0
889 0
982 0
1068 0
888 0
1117 0
913 0
555 0
1398 0
762 0
993 0
313 0
984 0
673 0
913 0
899 0
1242 0
530 0
814 0
505 0
1058 0
1304 0
841 0
891 0
787 0
993 0
1194 0
722 0
1006 0
837 0
815 0
738 0
1461 0
878 0
1159 0
1193 0
490 0
503 0
1153 0
788 0
892 0
888 0
857 0
1287 0
698 0
902 0
738 0
930 0
1149 0
313 0
940 0
940 0
725 0
1038 0
1577 1
972 0
1110 0
775 0
1173 0
739 0
738 0
889 0
1170 0
582 0
818 0
1070 0
761 0
1065 0
1076 0
829 0
870 0
1087 0
1543 1
930 0
557 0
737 0
920 0
841 0
464 0
1007 0
1097 0
1055 0
1141 0
777 0
815 0
909 0
911 0
1048 0
686 0
1367 0
995 0
295 0
899 0
1076 0
712 0
1076 0
840 0
787 0
860 0
1065 0
1016 0
440 0
993 0
568 0
995 0
1252 0
1201 0
1119 0
993 0
1066 0
1110 0
545 0
596 0
972 0
861 0
635 0
699 0
700 0
859 0
621 0
1014 0
517 0
686 0
439 0
944 0
792 0
1055 0
1055 0
1531 1
891 0
984 0
791 0
1117 0
737 0
899 0
962 0
892 0
1481 0
1016 0
1235 0
804 0
1172 0
1118 0
1109 0
1412 0
722 0
1034 0
1127 0
1542 1
1159 0
878 0
1044 0
455 0
1078 0
1006 0
1059 0
950 0
764 0
1231 0
1162 0
1128 0
1037 0
1450 0
1524 1
790 0
892 0
1045 0
1076 0
851 0
1252 0
698 0
583 0
893 0
1148 0
985 0
860 0
673 0
954 0
605 0
830 0
527 0
1180 0
709 0
686 0
427 0
607 0
878 0
934 0
1090 0
870 0
777 0
889 0
1173 0
878 0
294 0
995 0
777 0
1620 2
582 0
1356 0
900 0
826 0
900 0
1335 0
789 0
1241 0
1065 0
1242 0
879 0
582 0
605 0
997 0
905 0
951 0
712 0
912 0
899 0
1512 1
1055 0
607 0
951 0
1225 0
1065 0
1127 0
1044 0
1274 0
1044 0
1400 0
466 0
1005 0
1231 0
1006 0
993 0
518 0
899 0
878 0
1172 0
993 0
803 0
488 0
846 0
1037 0
1245 0
1263 0
1044 0
659 0
933 0
983 0
750 0
647 0
940 0
1496 0
902 0
763 0
1016 0
1086 0
608 0
410 0
673 0
850 0
930 0
686 0
901 0
1128 0
1252 0
1180 0
954 0
1180 0
1013 0
530 0
857 0
899 0
996 0
1527 1
1044 0
892 0
1274 0
993 0
965 0
1503 0
595 0
994 0
840 0
996 0
982 0
828 0
1534 1
941 0
850 0
738 0
870 0
893 0
607 0
878 0
1560 2
1494 0
1044 0
700 0
673 0
570 0
621 0
1076 0
1148 0
752 0
724 0
1181 0
1054 0
1034 0
1076 0
919 0
857 0
738 0
1370 0
1264 0
774 0
635 0
748 0
1054 0
1253 0
648 0
902 0
1567 1
1038 0
850 0
920 0
961 0
752 0
1305 0
857 0
1532 1
581 0
1151 0
934 0
1148 0
882 0
1412 0
1169 0
993 0
922 0
870 0
1092 0
1296 0
1535 1
868 0
505 0
1087 0
961 0
849 0
1246 0
1252 0
748 0
686 0
1160 0
465 0
661 0
1065 0
1346 0
861 0
1162 0
1460 0
1058 0
713 0
1419 0
594 0
683 0
912 0
673 0
793 0
1180 0
975 0
1096 0
986 0
1086 0
1149 0
1235 0
726 0
943 0
1058 0
1159 0
659 0
910 0
1131 0
686 0
1305 0
1003 0
411 0
1128 0
517 0
1169 0
1162 0
1535 1
956 0
803 0
1180 0
712 0
1450 0
777 0
1169 0
1044 0
1440 0
901 0
975 0
972 0
1138 0
1159 0
750 0
1234 0
923 0
1180 0
750 0
478 0
870 0
803 0
501 0
878 0
996 0
683 0
595 0
556 0
1170 0
1387 0
527 0
899 0
1316 0
1461 0
847 0
850 0
1106 0
903 0
212 0
982 0
889 0
787 0
1193 0
816 0
682 0
530 0
752 0
1075 0
1211 0
555 0
504 0
857 0
878 0
861 0
620 0
802 0
467 0
1065 0
840 0
961 0
751 0
889 0
972 0
972 0
1065 0
1304 0
1232 0
394 0
993 0
996 0
1138 0
1158 0
849 0
672 0
672 0
985 0
646 0
609 0
787 0
1086 0
360 0
857 0
763 0
871 0
1065 0
867 0
880 0
1263 0
452 0
993 0
491 0
1026 0
868 0
868 0
961 0
1346 0
1055 0
993 0
1231 0
816 0
700 0
1048 0
985 0
1076 0
1016 0
699 0
504 0
818 0
941 0
504 0
579 0
903 0
802 0
1357 0
986 0
868 0
943 0
777 0
725 0
1242 0
951 0
923 0
1120 0
868 0
605 0
929 0
1141 0
1196 0
1201 0
872 0
621 0
1034 0
1242 0
591 0
1561 1
608 0
868 0
594 0
1076 0
849 0
1329 0
851 0
1161 0
860 0
888 0
489 0
1580 2
791 0
488 0
1016 0
607 0
1118 0
867 0
712 0
1138 0
1138 0
764 0
582 0
860 0
984 0
1121 0
983 0
711 0
1034 0
609 0
901 0
899 0
923 0
1307 0
1069 0
1367 0
912 0
1055 0
922 0
647 0
839 0
826 0
608 0
559 0
954 0
857 0
1070 0
378 0
1266 0
1151 0
1335 0
671 0
899 0
1159 0
974 0
951 0
1336 0
892 0
490 0
1055 0
738 0
803 0
1346 0
712 0
1170 0
1096 0
543 0
1076 0
803 0
738 0
1086 0
424 0
1065 0
972 0
1201 0
1159 0
1554 2
972 0
790 0
1076 0
582 0
1148 0
776 0
954 0
647 0
1169 0
846 0
993 0
790 0
1037 0
857 0
817 0
857 0
1118 0
1148 0
790 0
517 0
543 0
857 0
878 0
1180 0
1078 0
1076 0
660 0
1006 0
1170 0
882 0
1065 0
1336 0
1066 0
1561 2
1179 0
609 0
1276 0
816 0
872 0
1522 1
593 0
1099 0
1161 0
1273 0
1263 0
453 0
712 0
455 0
1065 0
868 0
944 0
527 0
1055 0
972 0
857 0
450 0
952 0
466 0
899 0
698 0
747 0
394 0
1336 0
1024 0
996 0
872 0
647 0
778 0
950 0
1522 1
518 0
648 0
1527 1
712 0
1065 0
850 0
634 0
860 0
1110 0
624 0
1450 0
857 0
726 0
951 0
839 0
985 0
683 0
1159 0
595 0
1263 0
867 0
1026 0
1170 0
1524 1
491 0
1076 0
1577 3
1463 0
826 0
436 0
993 0
1122 0
698 0
857 0
1460 0
764 0
1044 0
1275 0
994 0
544 0
1530 1
1429 0
901 0
1286 0
920 0
1055 0
787 0
961 0
1534 1
1151 0
1173 0
776 0
1295 0
569 0
1515 1
1450 0
860 0
607 0
1027 0
878 0
998 0
726 0
878 0
583 0
940 0
530 0
1034 0
1325 0
660 0
687 0
777 0
1005 0
828 0
660 0
1169 0
803 0
902 0
861 0
660 0
543 0
1044 0
1151 0
478 0
736 0
1566 1
1530 1
1284 0
803 0
1429 0
971 0
1045 0
362 0
543 0
982 0
1526 1
889 0
1529 1
943 0
1356 0
1159 0
1159 0
556 0
452 0
849 0
839 0
847 0
1314 0
857 0
465 0
900 0
839 0
847 0
738 0
839 0
1024 0
713 0
922 0
910 0
1035 0
1130 0
1065 0
503 0
882 0
516 0
699 0
1006 0
851 0
892 0
870 0
1149 0
1013 0
1025 0
870 0
1159 0
860 0
1003 0
659 0
805 0
857 0
330 0
803 0
837 0
1035 0
672 0
870 0
660 0
597 0
889 0
661 0
790 0
478 0
1035 0
1335 0
880 0
699 0
1048 0
944 0
657 0
699 0
992 0
492 0
954 0
899 0
972 0
764 0
593 0
762 0
1059 0
1149 0
594 0
595 0
1241 0
790 0
659 0
1194 0
593 0
530 0
816 0
492 0
801 0
900 0
1120 0
1231 0
1007 0
466 0
531 0
1117 0
868 0
1273 0
931 0
1161 0
829 0
930 0
902 0
1138 0
1118 0
1024 0
912 0
932 0
1058 0
818 0
1170 0
1163 0
660 0
829 0
983 0
466 0
722 0
1159 0
1356 0
1180 0
1475 0
1148 0
570 0
647 0
1045 0
888 0
1058 0
1127 0
951 0
790 0
920 0
787 0
1314 0
995 0
993 0
961 0
902 0
1308 0
933 0
1152 0
763 0
982 0
660 0
1531 1
476 0
748 0
647 0
595 0
1231 0
478 0
477 0
983 0
1034 0
837 0
870 0
765 0
1017 0
985 0
345 0
1097 0
425 0
829 0
660 0
608 0
1211 0
1121 0
942 0
609 0
764 0
1263 0
931 0
1169 0
803 0
646 0
871 0
1573 2
530 0
735 0
452 0
1213 0
1203 0
899 0
1034 0
1284 0
941 0
451 0
910 0
1057 0
933 0
1234 0
685 0
1294 0
1127 0
828 0
622 0
1315 0
621 0
1055 0
595 0
660 0
933 0
776 0
686 0
1252 0
1065 0
751 0
1141 0
1231 0
913 0
1151 0
660 0
860 0
712 0
963 0
790 0
777 0
790 0
618 0
868 0
738 0
1265 0
621 0
1014 0
1586 1
1149 0
1305 0
859 0
1273 0
891 0
1276 0
934 0
582 0
1600 2
1077 0
899 0
870 0
1620 2
607 0
1037 0
426 0
1162 0
961 0
1076 0
1576 1
451 0
933 0
899 0
840 0
871 0
540 0
993 0
1141 0
764 0
882 0
1231 0
816 0
1006 0
912 0
857 0
1159 0
738 0
1109 0
543 0
1346 0
605 0
556 0
1548 0
934 0
751 0
1212 0
1005 0
1203 0
609 0
1141 0
764 0
961 0
1055 0
972 0
899 0
1535 1
763 0
816 0
940 0
1055 0
1086 0
993 0
1461 0
933 0
1297 0
1180 0
700 0
860 0
466 0
800 0
847 0
993 0
1159 0
672 0
901 0
634 0
899 0
828 0
983 0
995 0
1578 2
899 0
633 0
932 0
660 0
699 0
465 0
933 0
1055 0
953 0
878 0
1024 0
1024 0
529 0
837 0
920 0
1065 0
673 0
1263 0
1231 0
1054 0
1540 1
608 0
997 0
635 0
868 0
1067 0
1120 0
1170 0
1068 0
951 0
930 0
1075 0
634 0
439 0
504 0
1087 0
1007 0
530 0
1569 2
953 0
1245 0
1356 0
881 0
985 0
674 0
764 0
816 0
763 0
1003 0
971 0
921 0
1127 0
345 0
762 0
329 0
1191 0
1149 0
1170 0
762 0
1169 0
1201 0
1037 0
868 0
739 0
1091 0
1036 0
961 0
543 0
992 0
738 0
902 0
1127 0
687 0
982 0
1180 0
878 0
881 0
963 0
857 0
1054 0
543 0
899 0
891 0
839 0
902 0
1180 0
1047 0
911 0
491 0
543 0
954 0
265 0
982 0
1273 0
620 0
860 0
902 0
1159 0
1120 0
881 0
1035 0
595 0
1044 0
1193 0
569 0
837 0
517 0
1100 0
646 0
847 0
830 0
881 0
868 0
986 0
1532 1
635 0
478 0
1267 0
1006 0
954 0
696 0
1429 0
899 0
658 0
828 0
491 0
868 0
1388 0
951 0
517 0
738 0
878 0
952 0
777 0
972 0
1401 0
647 0
738 0
503 0
582 0
1346 0
993 0
983 0
867 0
982 0
774 0
778 0
933 0
634 0
618 0
712 0
582 0
931 0
804 0
954 0
609 0
635 0
739 0
1044 0
974 0
1059 0
1026 0
1267 0
1138 0
889 0
1523 1
724 0
1203 0
660 0
1076 0
725 0
1307 0
1169 0
1107 0
804 0
1266 0
933 0
961 0
911 0
993 0
790 0
857 0
1213 0
621 0
868 0
687 0
530 0
1367 0
1329 0
698 0
993 0
1027 0
1180 0
888 0
827 0
1262 0
934 0
993 0
804 0
1055 0
910 0
1003 0
1068 0
1148 0
867 0
1086 0
816 0
1044 0
953 0
673 0
1089 0
517 0
1421 0
964 0
1169 0
725 0
860 0
1014 0
944 0
1242 0
699 0
683 0
899 0
776 0
1421 0
712 0
1017 0
1263 0
634 0
540 0
878 0
1014 0
993 0
1443 0
803 0
1305 0
902 0
698 0
930 0
909 0
804 0
1065 0
1047 0
889 0
1169 0
1119 0
685 0
394 0
882 0
504 0
878 0
923 0
543 0
313 0
661 0
503 0
724 0
660 0
930 0
1180 0
836 0
674 0
1006 0
860 0
998 0
1065 0
982 0
544 0
584 0
787 0
543 0
1242 0
777 0
1194 0
582 0
1006 0
1086 0
975 0
1256 0
672 0
828 0
1055 0
1294 0
660 0
995 0
738 0
1138 0
439 0
1180 0
543 0
671 0
1231 0
505 0
594 0
1325 0
940 0
964 0
621 0
1058 0
804 0
942 0
802 0
827 0
517 0
1380 0
777 0
985 0
1297 0
725 0
857 0
1325 0
503 0
1381 0
1089 0
775 0
1036 0
1242 0
825 0
1579 3
878 0
992 0
829 0
699 0
774 0
1523 1
1169 0
1204 0
581 0
912 0
1358 0
1065 0
1069 0
634 0
1076 0
953 0
943 0
1076 0
899 0
1027 0
902 0
964 0
951 0
993 0
579 0
1023 0
1027 0
739 0
881 0
1078 0
1193 0
1151 0
919 0
568 0
634 0
752 0
993 0
657 0
554 0
712 0
683 0
955 0
1234 0
556 0
712 0
1221 0
465 0
1110 0
881 0
870 0
1346 0
752 0
803 0
647 0
862 0
738 0
1191 0
868 0
543 0
1055 0
748 0
982 0
1076 0
725 0
657 0
708 0
1065 0
955 0
378 0
1045 0
504 0
1044 0
982 0
346 0
961 0
1273 0
971 0
974 0
761 0
660 0
993 0
580 0
1087 0
1086 0
517 0
982 0
1192 0
739 0
930 0
1159 0
634 0
985 0
1149 0
1044 0
569 0
1065 0
1512 1
1107 0
993 0
1111 0
800 0
868 0
1076 0
803 0
540 0
868 0
1079 0
961 0
1526 1
1335 0
1523 1
1120 0
726 0
1148 0
1193 0
579 0
1194 0
1180 0
851 0
1450 0
1044 0
739 0
888 0
635 0
1173 0
748 0
1538 1
827 0
900 0
1055 0
1089 0
923 0
1120 0
982 0
1129 0
902 0
1211 0
861 0
1118 0
879 0
1086 0
951 0
777 0
867 0
1068 0
1316 0
1391 0
1338 0
543 0
816 0
582 0
644 0
712 0
837 0
803 0
1037 0
439 0
940 0
790 0
1127 0
889 0
738 0
982 0
961 0
850 0
1329 0
543 0
861 0
1211 0
660 0
899 0
964 0
940 0
857 0
1325 0
1231 0
736 0
943 0
943 0
1016 0
889 0
1482 0
1107 0
974 0
899 0
1325 0
930 0
751 0
1065 0
1148 0
857 0
646 0
662 0
830 0
1356 0
899 0
1047 0
725 0
1034 0
555 0
1024 0
1170 0
1138 0
930 0
868 0
1055 0
790 0
1055 0
761 0
1086 0
1221 0
888 0
427 0
1100 0
1045 0
608 0
688 0
889 0
1242 0
1283 0
529 0
1005 0
1014 0
1055 0
1055 0
1100 0
878 0
1044 0
888 0
609 0
1067 0
505 0
634 0
685 0
975 0
540 0
1076 0
1107 0
1141 0
659 0
1129 0
913 0
879 0
861 0
954 0
778 0
1038 0
1338 0
943 0
838 0
1148 0
752 0
531 0
1148 0
951 0
840 0
1252 0
1014 0
1346 0
1231 0
1034 0
1234 0
1047 0
868 0
1024 0
900 0
902 0
961 0
964 0
1159 0
530 0
902 0
1024 0
848 0
857 0
618 0
1069 0
581 0
1099 0
813 0
975 0
1221 0
633 0
961 0
761 0
920 0
1203 0
815 0
570 0
556 0
699 0
1055 0
700 0
648 0
899 0
961 0
1180 0
634 0
955 0
1077 0
1055 0
1048 0
1200 0
686 0
1131 0
868 0
540 0
827 0
1099 0
490 0
1087 0
997 0
1220 0
1263 0
1079 0
726 0
634 0
674 0
1336 0
1224 0
965 0
776 0
647 0
899 0
1180 0
1086 0
899 0
940 0
913 0
1314 0
672 0
839 0
997 0
595 0
993 0
764 0
712 0
491 0
985 0
737 0
1242 0
583 0
1429 0
1089 0
683 0
972 0
1107 0
901 0
1242 0
1307 0
624 0
923 0
1079 0
882 0
777 0
1086 0
778 0
700 0
1086 0
619 0
993 0
1314 0
1014 0
1242 0
1528 1
464 0
1017 0
1076 0
1152 0
829 0
1194 0
686 0
700 0
985 0
1016 0
1097 0
452 0
972 0
1025 0
931 0
1579 1
568 0
1058 0
1138 0
972 0
868 0
1232 0
1244 0
686 0
1046 0
1294 0
776 0
881 0
1128 0
1055 0
1007 0
1501 0
910 0
899 0
543 0
961 0
568 0
912 0
1439 0
543 0
1069 0
330 0
596 0
608 0
1273 0
1346 0
951 0
1170 0
777 0
1078 0
787 0
1169 0
1346 0
1100 0
1034 0
1201 0
899 0
915 0
621 0
951 0
1068 0
934 0
902 0
1429 0
591 0
1180 0
362 0
762 0
1366 0
878 0
1191 0
1034 0
867 0
1058 0
1263 0
1181 0
647 0
1369 0
904 0
1576 2
912 0
881 0
1242 0
1067 0
1034 0
673 0
1524 1
738 0
816 0
954 0
1118 0
1231 0
1359 0
1162 0
660 0
713 0
803 0
673 0
556 0
859 0
1221 0
475 0
993 0
725 0
1066 0
673 0
860 0
553 0
1045 0
1263 0
738 0
411 0
1087 0
1180 0
595 0
1055 0
1211 0
961 0
1183 0
647 0
902 0
1169 0
1186 0
913 0
647 0
1654 3
1172 0
709 0
961 0
683 0
899 0
964 0
987 0
1152 0
972 0
1512 1
1275 0
930 0
724 0
581 0
1580 2
670 0
816 0
1055 0
847 0
1006 0
1443 0
1035 0
395 0
888 0
1086 0
813 0
904 0
1252 0
828 0
880 0
297 0
1076 0
1242 0
867 0
1346 0
633 0
1120 0
1244 0
903 0
582 0
1169 0
1100 0
892 0
1702 3
673 0
982 0
362 0
426 0
951 0
998 0
1148 0
961 0
1408 0
1335 0
1078 0
555 0
993 0
1170 0
1180 0
1149 0
787 0
889 0
904 0
1065 0
1422 0
454 0
1180 0
995 0
739 0
982 0
1055 0
1034 0
708 0
672 0
516 0
1076 0
972 0
1494 0
1065 0
1346 0
674 0
1090 0
1474 0
941 0
1055 0
1045 0
909 0
860 0
1221 0
868 0
1203 0
1356 0
961 0
827 0
971 0
931 0
993 0
725 0
867 0
1076 0
933 0
1284 0
712 0
672 0
972 0
726 0
1068 0
1512 1
634 0
633 0
1370 0
1418 0
1293 0
1480 0
751 0
1138 0
848 0
1047 0
1076 0
961 0
889 0
763 0
911 0
1244 0
858 0
993 0
800 0
660 0
1151 0
1263 0
1600 1
1439 0
518 0
961 0
951 0
748 0
802 0
976 0
1471 0
491 0
1151 0
902 0
913 0
951 0
900 0
660 0
751 0
888 0
647 0
889 0
961 0
881 0
1017 0
1007 0
543 0
982 0
1141 0
1086 0
1101 0
1570 1
1055 0
361 0
857 0
764 0
993 0
1180 0
826 0
993 0
1111 0
1522 1
971 0
912 0
859 0
683 0
1163 0
1044 0
787 0
687 0
993 0
543 0
1056 0
685 0
1007 0
737 0
1306 0
686 0
530 0
739 0
889 0
815 0
1076 0
1180 0
901 0
1531 1
1306 0
1129 0
517 0
1367 0
1169 0
1066 0
803 0
993 0
1076 0
982 0
1356 0
902 0
1185 0
1076 0
1120 0
816 0
1100 0
478 0
998 0
974 0
593 0
774 0
899 0
1315 0
724 0
791 0
491 0
712 0
982 0
1528 1
657 0
1231 0
1055 0
1317 0
750 0
1213 0
568 0
791 0
1097 0
490 0
1075 0
1388 0
1097 0
660 0
1276 0
620 0
1065 0
881 0
816 0
738 0
889 0
568 0
961 0
847 0
517 0
912 0
943 0
1582 2
670 0
1273 0
777 0
813 0
1006 0
504 0
1089 0
787 0
892 0
1159 0
1286 0
1273 0
1152 0
899 0
727 0
466 0
1017 0
830 0
859 0
491 0
1231 0
985 0
436 0
982 0
1170 0
912 0
899 0
672 0
636 0
1418 0
569 0
1538 2
609 0
912 0
961 0
870 0
1408 0
1069 0
1335 0
953 0
1159 0
1244 0
889 0
813 0
543 0
761 0
899 0
491 0
1484 0
514 0
490 0
738 0
923 0
993 0
878 0
789 0
648 0
765 0
1252 0
543 0
951 0
950 0
931 0
1099 0
923 0
893 0
1335 0
738 0
1138 0
976 0
891 0
892 0
1023 0
583 0
1549 2
542 0
635 0
329 0
1008 0
712 0
1057 0
1335 0
1118 0
878 0
673 0
594 0
738 0
378 0
1027 0
1525 1
1367 0
569 0
1047 0
954 0
996 0
1169 0
1356 0
1527 1
1159 0
941 0
697 0
840 0
924 0
632 0
961 0
647 0
813 0
851 0
1076 0
1023 0
961 0
996 0
996 0
594 0
1159 0
1512 1
726 0
868 0
726 0
933 0
892 0
859 0
1152 0
1180 0
1203 0
686 0
410 0
830 0
493 0
802 0
922 0
1037 0
1129 0
899 0
530 0
868 0
635 0
860 0
993 0
829 0
932 0
952 0
941 0
846 0
813 0
1148 0
751 0
848 0
889 0
700 0
504 0
902 0
1541 2
527 0
857 0
777 0
1464 0
803 0
1118 0
889 0
1557 1
1182 0
910 0
901 0
954 0
883 0
1315 0
313 0
1014 0
1055 0
857 0
825 0
840 0
426 0
1214 0
569 0
992 0
951 0
579 0
1079 0
912 0
592 0
1159 0
722 0
972 0
996 0
972 0
674 0
992 0
879 0
1006 0
899 0
964 0
1318 0
910 0
1221 0
1159 0
941 0
889 0
816 0
670 0
1065 0
439 0
790 0
909 0
410 0
859 0
555 0
1076 0
621 0
1315 0
787 0
1058 0
345 0
993 0
410 0
1037 0
1058 0
1014 0
975 0
725 0
1110 0
972 0
1525 1
1044 0
829 0
1079 0
673 0
1273 0
1419 0
993 0
1013 0
1087 0
923 0
311 0
1273 0
899 0
881 0
1024 0
763 0
993 0
1193 0
722 0
1524 1
951 0
971 0
900 0
889 0
1263 0
983 0
868 0
409 0
490 0
1048 0
964 0
840 0
868 0
993 0
1046 0
623 0
608 0
1076 0
569 0
1273 0
1553 3
1117 0
751 0
1515 1
943 0
868 0
839 0
1224 0
1305 0
921 0
1006 0
802 0
1131 0
557 0
976 0
898 0
1089 0
1151 0
1242 0
377 0
1109 0
686 0
899 0
982 0
712 0
868 0
1151 0
1232 0
1059 0
582 0
965 0
1211 0
1086 0
1172 0
899 0
1044 0
450 0
609 0
411 0
553 0
931 0
1535 1
790 0
751 0
974 0
647 0
1148 0
685 0
1138 0
646 0
1066 0
1159 0
1065 0
972 0
1336 0
762 0
993 0
902 0
1232 0
634 0
660 0
1017 0
1524 1
961 0
1346 0
982 0
899 0
1305 0
867 0
764 0
1277 0
621 0
712 0
1148 0
644 0
913 0
1089 0
531 0
565 0
985 0
1346 0
1242 0
760 0
527 0
618 0
878 0
542 0
1263 0
860 0
1180 0
281 0
1335 0
725 0
858 0
870 0
605 0
776 0
583 0
840 0
868 0
1023 0
478 0
762 0
1419 0
803 0
1169 0
764 0
868 0
964 0
1184 0
1068 0
961 0
940 0
829 0
1091 0
1138 0
465 0
739 0
893 0
868 0
1006 0
940 0
582 0
953 0
1307 0
542 0
738 0
964 0
490 0
1336 0
647 0
556 0
836 0
712 0
1561 3
1183 0
1118 0
1214 0
951 0
762 0
738 0
993 0
452 0
899 0
1316 0
740 0
879 0
861 0
1262 0
592 0
1108 0
1034 0
1159 0
669 0
1512 1
1027 0
923 0
878 0
889 0
621 0
860 0
903 0
962 0
440 0
1129 0
1087 0
888 0
699 0
911 0
1181 0
996 0
871 0
1200 0
647 0
1047 0
816 0
492 0
993 0
1305 0
1045 0
1149 0
592 0
1224 0
829 0
725 0
872 0
621 0
954 0
871 0
1440 0
870 0
900 0
1286 0
1245 0
1461 0
828 0
878 0
1055 0
503 0
813 0
773 0
1461 0
847 0
1570 2
881 0
451 0
849 0
1203 0
1356 0
709 0
1190 0
688 0
778 0
686 0
765 0
583 0
1318 0
1571 1
840 0
860 0
505 0
931 0
1026 0
1538 1
889 0
892 0
712 0
868 0
1080 0
901 0
1070 0
764 0
1246 0
1003 0
1055 0
748 0
1576 1
1231 0
861 0
934 0
1120 0
1089 0
870 0
1005 0
857 0
889 0
962 0
965 0
1190 0
595 0
735 0
881 0
568 0
790 0
889 0
1068 0
1450 0
1180 0
725 0
1028 0
633 0
951 0
777 0
1149 0
847 0
607 0
868 0
909 0
984 0
965 0
983 0
661 0
972 0
624 0
748 0
1222 0
1242 0
1220 0
1356 0
1273 0
362 0
1367 0
1170 0
1035 0
1056 0
848 0
1172 0
1496 0
889 0
1086 0
595 0
686 0
971 0
900 0
801 0
1034 0
868 0
923 0
803 0
993 0
972 0
1026 0
1046 0
687 0
933 0
504 0
1111 0
1076 0
748 0
951 0
1131 0
1055 0
555 0
899 0
1159 0
491 0
595 0
1569 3
1180 0
1048 0
871 0
954 0
1224 0
659 0
1194 0
556 0
1005 0
436 0
1419 0
1159 0
1162 0
971 0
1024 0
934 0
1265 0
933 0
737 0
1214 0
1307 0
608 0
1058 0
621 0
279 0
1086 0
964 0
1454 0
900 0
899 0
899 0
1409 0
683 0
463 0
527 0
912 0
920 0
647 0
527 0
839 0
569 0
1550 1
1600 2
1034 0
889 0
777 0
993 0
1523 1
1100 0
1076 0
1211 0
860 0
620 0
1328 0
777 0
686 0
859 0
1148 0
556 0
1148 0
491 0
943 0
814 0
1367 0
1169 0
1003 0
975 0
846 0
955 0
878 0
542 0
867 0
1044 0
684 0
975 0
1129 0
889 0
543 0
859 0
993 0
836 0
543 0
831 0
881 0
961 0
982 0
1429 0
517 0
1099 0
427 0
892 0
902 0
1005 0
847 0
1191 0
1367 0
961 0
943 0
1055 0
1335 0
920 0
1138 0
608 0
1149 0
1252 0
647 0
1551 2
882 0
1162 0
1263 0
439 0
1006 0
764 0
596 0
945 0
649 0
1087 0
1086 0
878 0
813 0
1284 0
360 0
1044 0
1231 0
748 0
737 0
804 0
1044 0
837 0
1224 0
1055 0
929 0
1047 0
518 0
738 0
504 0
1273 0
737 0
1204 0
1346 0
1092 0
878 0
961 0
1138 0
1016 0
972 0
1540 1
635 0
569 0
1088 0
1148 0
1221 0
622 0
941 0
699 0
858 0
961 0
1325 0
982 0
376 0
556 0
828 0
880 0
620 0
829 0
1079 0
850 0
900 0
943 0
920 0
467 0
998 0
1086 0
1460 0
1569 2
1128 0
996 0
923 0
975 0
1608 2
1161 0
553 0
882 0
1007 0
621 0
777 0
708 0
594 0
774 0
1055 0
1273 0
1118 0
1044 0
1006 0
881 0
1037 0
1129 0
777 0
568 0
1089 0
803 0
1068 0
1429 0
582 0
453 0
1232 0
1016 0
789 0
931 0
982 0
635 0
739 0
816 0
1127 0
670 0
778 0
1263 0
891 0
982 0
905 0
1138 0
661 0
735 0
950 0
670 0
1221 0
1274 0
924 0
922 0
1439 0
738 0
1006 0
982 0
1220 0
920 0
1076 0
826 0
751 0
647 0
762 0
1524 1
1003 0
1076 0
932 0
868 0
489 0
593 0
1066 0
912 0
777 0
974 0
1129 0
1336 0
1255 0
647 0
1106 0
569 0
879 0
1087 0
993 0
1068 0
804 0
1101 0
943 0
1057 0
673 0
996 0
725 0
961 0
608 0
596 0
1118 0
931 0
996 0
870 0
961 0
711 0
840 0
1028 0
1444 0
709 0
871 0
1065 0
1172 0
951 0
899 0
1367 0
595 0
1148 0
1169 0
902 0
1225 0
738 0
878 0
1138 0
739 0
993 0
582 0
899 0
478 0
975 0
963 0
1058 0
972 0
1263 0
1046 0
595 0
1148 0
738 0
889 0
764 0
1045 0
889 0
608 0
647 0
869 0
725 0
889 0
1440 0
621 0
750 0
1034 0
940 0
1055 0
881 0
753 0
850 0
1169 0
647 0
868 0
501 0
882 0
738 0
1411 0
1544 1
1547 1
1432 0
1273 0
748 0
951 0
1065 0
964 0
1439 0
868 0
985 0
911 0
972 0
1033 0
1581 3
1273 0
892 0
1058 0
985 0
452 0
913 0
584 0
764 0
1076 0
712 0
953 0
972 0
787 0
789 0
1158 0
951 0
764 0
965 0
478 0
790 0
1180 0
712 0
1162 0
903 0
596 0
1204 0
1231 0
909 0
749 0
790 0
802 0
899 0
996 0
1529 1
647 0
1359 0
868 0
1017 0
752 0
529 0
1262 0
762 0
839 0
1076 0
712 0
543 0
1283 0
748 0
934 0
964 0
557 0
954 0
737 0
1121 0
858 0
1002 0
1044 0
621 0
962 0
1065 0
945 0
582 0
901 0
687 0
297 0
954 0
1359 0
1263 0
726 0
1263 0
624 0
1180 0
992 0
837 0
1232 0
1169 0
409 0
827 0
543 0
878 0
1130 0
1335 0
899 0
1087 0
1044 0
1193 0
992 0
1066 0
877 0
607 0
439 0
1242 0
1231 0
752 0
816 0
1055 0
1016 0
972 0
1569 0
360 0
1231 0
1529 0
1131 0
581 0
1274 0
608 0
1171 0
1068 0
913 0
1128 0
790 0
1512 1
530 0
1253 0
840 0
569 0
1211 0
1003 0
1076 0
748 0
698 0
1409 0
1273 0
814 0
1276 0
961 0
1026 0
892 0
569 0
1138 0
801 0
531 0
491 0
790 0
748 0
395 0
1037 0
1242 0
868 0
709 0
761 0
621 0
951 0
953 0
1525 0
1027 0
738 0
912 0
1543 1
505 0
1183 0
539 0
595 0
1111 0
776 0
313 0
659 0
961 0
1214 0
902 0
583 0
1263 0
1044 0
1263 0
1470 0
905 0
528 0
688 0
1086 0
850 0
1287 0
569 0
972 0
762 0
961 0
802 0
1388 0
1540 1
1294 0
516 0
1266 0
974 0
920 0
1024 0
982 0
790 0
765 0
993 0
1117 0
836 0
1148 0
1159 0
982 0
1450 0
1162 0
972 0
812 0
1391 0
660 0
1034 0
857 0
1367 0
646 0
1117 0
491 0
1086 0
1087 0
829 0
1367 0
879 0
1015 0
738 0
965 0
891 0
621 0
1110 0
478 0
1525 1
1356 0
909 0
826 0
985 0
593 0
1086 0
1065 0
1524 0
827 0
903 0
983 0
1099 0
1045 0
909 0
750 0
826 0
1138 0
1016 0
829 0
1002 0
1325 0
1512 0
1044 0
1357 0
737 0
889 0
530 0
1127 0
1044 0
342 0
1045 0
686 0
941 0
899 0
1263 0
465 0
1047 0
529 0
394 0
1059 0
1318 0
1127 0
1014 0
1108 0
344 0
1003 0
595 0
490 0
1027 0
830 0
738 0
713 0
1028 0
861 0
985 0
1003 0
727 0
950 0
738 0
932 0
581 0
1086 0
889 0
880 0
618 0
1087 0
922 0
173 0
1097 0
1159 0
954 0
944 0
1069 0
868 0
880 0
878 0
1325 0
1193 0
579 0
1065 0
920 0
1471 0
1345 0
1148 0
776 0
922 0
648 0
940 0
900 0
922 0
1307 0
1194 0
699 0
860 0
1572 1
1346 0
789 0
1169 0
816 0
312 0
774 0
993 0
950 0
726 0
1325 0
803 0
870 0
1630 2
951 0
596 0
1265 0
1148 0
816 0
439 0
1204 0
527 0
1016 0
924 0
900 0
992 0
1162 0
1307 0
1193 0
1356 0
1159 0
1356 0
881 0
582 0
1047 0
1235 0
1006 0
971 0
1324 0
777 0
836 0
1179 0
995 0
1076 0
1128 0
964 0
913 0
477 0
985 0
1515 0
965 0
803 0
900 0
940 0
737 0
595 0
1204 0
737 0
812 0
686 0
1036 0
976 0
558 0
919 0
891 0
828 0
605 0
556 0
1231 0
932 0
766 0
774 0
1152 0
1182 0
1225 0
751 0
1055 0
761 0
830 0
764 0
878 0
1593 2
954 0
804 0
878 0
899 0
620 0
777 0
1003 0
972 0
313 0
1141 0
943 0
1390 0
478 0
1235 0
891 0
878 0
871 0
595 0
1252 0
1346 0
1194 0
829 0
847 0
1408 0
762 0
1314 0
763 0
1203 0
1045 0
1099 0
881 0
943 0
1111 0
711 0
1464 0
1151 0
899 0
1381 0
1173 0
787 0
1034 0
1065 0
622 0
899 0
857 0
857 0
1335 0
899 0
982 0
1346 0
1055 0
1244 0
1242 0
905 0
764 0
899 0
346 0
765 0
1169 0
752 0
851 0
726 0
1524 1
1551 0
763 0
1148 0
1471 0
543 0
1211 0
1140 0
971 0
1065 0
912 0
579 0
933 0
1201 0
923 0
491 0
940 0
1034 0
1245 0
828 0
527 0
802 0
1151 0
709 0
839 0
871 0
1086 0
837 0
1380 0
847 0
943 0
1346 0
857 0
1065 0
982 0
899 0
1294 0
1138 0
1027 0
1367 0
943 0
871 0
634 0
837 0
673 0
555 0
972 0
1192 0
660 0
1255 0
931 0
787 0
881 0
711 0
982 0
816 0
910 0
902 0
1109 0
1418 0
634 0
1086 0
803 0
777 0
891 0
1180 0
1159 0
1057 0
608 0
836 0
479 0
726 0
954 0
608 0
1065 0
951 0
1492 0
861 0
930 0
902 0
1388 0
673 0
1552 1
881 0
700 0
868 0
1294 0
858 0
1121 0
410 0
1038 0
634 0
1180 0
1131 0
725 0
992 0
801 0
1044 0
839 0
621 0
1028 0
1319 0
858 0
1035 0
1401 0
1055 0
881 0
1027 0
878 0
344 0
880 0
643 0
751 0
1034 0
951 0
889 0
790 0
944 0
881 0
976 0
738 0
1242 0
839 0
972 0
647 0
984 0
871 0
1013 0
1231 0
1078 0
829 0
1203 0
816 0
878 0
1640 3
1076 0
996 0
1418 0
660 0
871 0
544 0
902 0
556 0
1044 0
1245 0
899 0
1079 0
791 0
569 0
830 0
1169 0
1634 0
1242 0
1138 0
899 0
972 0
1057 0
1159 0
1007 0
1492 0
1097 0
569 0
621 0
1100 0
1504 0
504 0
1076 0
899 0
993 0
1038 0
1016 0
489 0
621 0
951 0
762 0
517 0
847 0
1202 0
941 0
595 0
1439 0
491 0
951 0
646 0
556 0
752 0
608 0
1079 0
1149 0
982 0
646 0
889 0
503 0
517 0
880 0
963 0
941 0
1139 0
868 0
582 0
1551 2
868 0
595 0
1046 0
478 0
764 0
1118 0
878 0
1141 0
996 0
1543 0
1035 0
830 0
1149 0
504 0
800 0
777 0
899 0
738 0
1233 0
556 0
847 0
964 0
995 0
1231 0
1252 0
582 0
1419 0
659 0
634 0
868 0
828 0
1231 0
789 0
961 0
1567 1
1253 0
878 0
634 0
840 0
620 0
1159 0
964 0
1346 0
985 0
739 0
816 0
1440 0
658 0
954 0
1318 0
1398 0
1169 0
816 0
1180 0
1026 0
1151 0
888 0
1044 0
940 0
1359 0
847 0
503 0
891 0
673 0
607 0
995 0
542 0
910 0
996 0
725 0
942 0
930 0
940 0
1471 0
1589 2
1444 0
478 0
1262 0
1059 0
1037 0
1046 0
1224 0
764 0
860 0
1131 0
962 0
878 0
518 0
646 0
1138 0
1057 0
762 0
1211 0
1284 0
933 0
1356 0
1180 0
1552 1
724 0
912 0
993 0
940 0
1131 0
1535 1
1335 0
1266 0
1212 0
739 0
860 0
1357 0
1110 0
1408 0
687 0
931 0
569 0
543 0
1255 0
1078 0
1266 0
881 0
410 0
543 0
1054 0
777 0
1148 0
726 0
972 0
1266 0
748 0
893 0
1076 0
1325 0
848 0
410 0
974 0
1131 0
738 0
871 0
913 0
941 0
1359 0
608 0
1065 0
800 0
950 0
1349 0
878 0
791 0
888 0
1305 0
622 0
829 0
943 0
955 0
492 0
889 0
993 0
1007 0
1038 0
850 0
1233 0
1263 0
961 0
993 0
466 0
595 0
877 0
913 0
748 0
569 0
839 0
964 0
634 0
934 0
686 0
940 0
1034 0
1066 0
826 0
891 0
972 0
881 0
851 0
1225 0
765 0
975 0
1054 0
1128 0
478 0
530 0
555 0
922 0
904 0
1026 0
777 0
971 0
951 0
997 0
647 0
696 0
1055 0
1325 0
529 0
904 0
825 0
530 0
1190 0
409 0
889 0
847 0
1367 0
1159 0
687 0
1431 0
993 0
1141 0
1044 0
543 0
870 0
1484 0
778 0
1049 0
1159 0
901 0
1356 0
530 0
1044 0
441 0
1552 2
738 0
1180 0
776 0
1008 0
789 0
425 0
491 0
1076 0
620 0
1274 0
1107 0
1149 0
1027 0
1138 0
940 0
595 0
1203 0
478 0
920 0
764 0
644 0
776 0
817 0
972 0
954 0
426 0
453 0
1086 0
554 0
961 0
556 0
966 0
961 0
725 0
791 0
1345 0
803 0
921 0
951 0
902 0
1501 0
892 0
910 0
816 0
712 0
686 0
582 0
892 0
911 0
867 0
870 0
394 0
1035 0
902 0
847 0
1075 0
1003 0
871 0
964 0
789 0
974 0
1193 0
777 0
582 0
920 0
608 0
1045 0
1128 0
1138 0
658 0
803 0
660 0
1088 0
1076 0
1065 0
1526 1
762 0
871 0
830 0
983 0
1027 0
700 0
1152 0
1006 0
1273 0
878 0
1273 0
1024 0
1495 0
1335 0
426 0
699 0
982 0
972 0
1533 1
1221 0
930 0
543 0
1263 0
1328 0
986 0
1070 0
1401 0
1055 0
1026 0
1149 0
751 0
849 0
544 0
763 0
1075 0
1274 0
465 0
608 0
774 0
889 0
632 0
837 0
1076 0
660 0
851 0
1086 0
871 0
860 0
860 0
995 0
475 0
700 0
1316 0
982 0
634 0
872 0
1181 0
815 0
649 0
646 0
764 0
962 0
1429 0
902 0
1148 0
582 0
569 0
543 0
1118 0
868 0
931 0
913 0
621 0
1561 1
839 0
1076 0
1252 0
478 0
1055 0
1139 0
1339 0
1297 0
360 0
839 0
1367 0
1047 0
802 0
891 0
1037 0
1335 0
581 0
931 0
1429 0
1055 0
982 0
1076 0
940 0
996 0
847 0
923 0
725 0
689 0
951 0
1325 0
1027 0
993 0
941 0
1137 0
889 0
1172 0
909 0
1530 1
1138 0
985 0
1325 0
829 0
621 0
996 0
816 0
899 0
752 0
923 0
750 0
1014 0
701 0
816 0
1567 2
1110 0
452 0
1086 0
972 0
1076 0
631 0
1065 0
529 0
982 0
607 0
1076 0
787 0
591 0
610 0
902 0
647 0
974 0
992 0
803 0
1491 0
490 0
1148 0
840 0
889 0
391 0
1305 0
725 0
1089 0
983 0
