-0,4318849 -0,1675337 0,07459825 -0,06490582 -0,1188073 0,1528737 0,4554993 0,2831833 -0,1812875 0,4802461 -0,1815227 0,3195897 0,02175957 -0,4569055 -0,2494114 -0,04804546 -0,3811971 0,1520001 -0,1326993 0,2987151 0,4410758 -0,1791651 -0,3006745 0,41461 -0,2895708 0,002995312 0,1719068 -0,4061086 -0,3825886 -0,3852137 -0,2098146 0,1351801 -0,2476453 -0,4377608 -0,3858773 0,3269649 -0,2884365 -0,4745837 -0,0919643 -0,3272859 -0,4946764 0,1193801 -0,06189722 0,3457132 -0,293927 -0,3787001 -0,03259458 -0,1132832 -0,06764823 -0,3497645 -0,3559685 0,2241781 0,3020866 0,008982433 0,4071012 0,08287078 -0,3839638 -0,04107589 -0,09298314 -0,2416136 0,4442881 0,01100594 -0,37949 -0,2044414 -0,4150039 0,4697298 -0,4005681 0,3986511 0,07228845 0,06908756 0,3226329 0,1288362 -0,41755 -0,3060411 -0,4588103 -0,2871974 -0,261131 0,2172985 -0,2904441 0,1716577 -0,22741 0,4049894 0,1152771 -0,16465 -0,3429388 -0,2529543 0,1071574 0,1496369 -0,3026561 0,2823818 -0,3840157 0,02016539 -0,09603566 0,378718 0,5369986 0,3048629 -0,4107631 0,1838858 -0,4304468 0,01622194 -0,032139 0,1149562 0,1850057 0,3677343 0,447042 -0,1995239 0,3409823 0,002978384 -0,0416227 -0,07159489 -0,01718205 0,3915501 -0,03422302 0,01656109 -0,497299 -0,009632885 0,1082669 0,3358002 -0,1023492 0,4449611 0,4779123 -0,3351114 -0,3616374 0,09258217 -0,4779565 -0,05417496 0,1440591 0,1729232 0,4074094 0,1661416 -0,3569502 0,3197784 -0,2427499 0,1428931 -0,2985656 0,3031104 -0,3676126 -0,04930395 -0,4480107 0,07802051 -0,4253967 -0,3422151 0,05810362 -0,07697493 
0,01340147 -0,009525273 0,2491044 -0,09260195 0,3200803 -0,4036145 -0,07738847 0,3480268 -0,2918019 -0,04608113 -0,1726973 -0,1967655 -0,2988896 -0,1774024 -0,4547274 0,4225622 0,5017443 0,2909895 -0,06972319 -0,3965131 -0,3161241 0,4525201 -0,4102812 -0,04628569 -0,3543523 0,02382365 


0,4525796 -0,04976189 -0,4862307 0,1141674 0,4392705 -0,2670082 -0,3341223 0,002705276 0,2410202 -0,0009998679 0,1950039 -0,1561798 -0,1278544 -0,1513125 -0,3839729 -0,07769924 0,4232168 -0,1360289 -0,4035953 0,05432314 -0,06562132 -0,2890205 0,3761987 -0,367489 -0,4786692 -0,4344842 -0,1772041 -0,3845776 0,06109947 0,3876491 0,03483063 -0,2417226 0,158292 -0,3169461 -0,4761427 0,1786107 -0,3448727 -0,2621692 -0,2545846 0,3513261 -0,189344 -0,202492 0,002390543 -0,3197008 -0,2837598 -0,4979082 -0,3640158 -0,2949263 0,111878 -0,4969947 0,01716338 -0,09666258 0,1650665 0,2903916 -0,3990379 -0,2113455 0,3017341 0,4507526 0,3065102 0,1877171 0,3375499 0,4681093 -0,1886892 0,3858911 0,2973749 -0,4359118 -0,01517779 -0,1695837 -0,02532893 -0,4289049 0,3899028 -0,4093854 -0,005466878 0,130165 0,0137526 -0,0426926 -0,2504599 -0,09319342 0,464039 0,2375293 0,03346935 0,1971636 0,1496989 -0,07955295 0,3807927 -0,2317366 -0,08389983 0,3484368 0,06412548 -0,3139656 0,05900842 0,4581753 -0,3390703 -0,2897749 0,0321278 -0,3236768 -0,3941549 -0,4793212 0,0758739 -0,1650053 0,2235751 0,3555757 -0,2847064 0,1655758 0,4833889 0,04248511 0,02682087 0,1991157 0,2244923 -0,1487926 0,09866017 -0,04668337 -0,3344051 -0,3269007 0,03561982 -0,1339655 -0,3450947 -0,04891866 -0,2737416 -0,1366205 -0,009607494 0,4410378 -0,0944342 -0,06241307 -0,3706554 0,3733935 -0,1046605 -0,09496686 -0,09297103 -0,002999056 0,1127216 -0,03183764 -0,006846175 -0,3969603 0,1743588 0,2015092 0,4476981 0,09668726 -0,4634502 0,385234 -0,3023583 -0,3302596 -0,3049485 -0,04224918 
0,2654799 0,06079877 -0,1844638 0,4190231 -0,2880201 0,2200779 -0,04228717 -0,1940468 0,3620105 0,3271605 -0,3820089 0,06603223 -0,293263 -0,01326988 -0,1432192 0,5382522 0,2508003 0,3165863 0,5046587 -0,2930325 -0,005155981 -0,02979215 0,484957 0,07268342 -0,1104283 0,05240971 


0,4525796 -0,04976189 -0,4862307 0,1141674 0,4392705 -0,2670082 -0,3341223 0,002705276 0,2410202 -0,0009998679 0,1950039 -0,1561798 -0,1278544 -0,1513125 -0,3839729 -0,07769924 0,4232168 -0,1360289 -0,4035953 0,05432314 -0,06562132 -0,2890205 0,3761987 -0,367489 -0,4786692 -0,4344842 -0,1772041 -0,3845776 0,06109947 0,3876491 0,03483063 -0,2417226 0,158292 -0,3169461 -0,4761427 0,1786107 -0,3448727 -0,2621692 -0,2545846 0,3513261 -0,189344 -0,202492 0,002390543 -0,3197008 -0,2837598 -0,4979082 -0,3640158 -0,2949263 0,111878 -0,4969947 0,01716338 -0,09666258 0,1650665 0,2903916 -0,3990379 -0,2113455 0,3017341 0,4507526 0,3065102 0,1877171 0,3375499 0,4681093 -0,1886892 0,3858911 0,2973749 -0,4359118 -0,01517779 -0,1695837 -0,02532893 -0,4289049 0,3899028 -0,4093854 -0,005466878 0,130165 0,0137526 -0,0426926 -0,2504599 -0,09319342 0,464039 0,2375293 0,03346935 0,1971636 0,1496989 -0,07955295 0,3807927 -0,2317366 -0,08389983 0,3484368 0,06412548 -0,3139656 0,05900842 0,4581753 -0,3390703 -0,2897749 0,0321278 -0,3236768 -0,3941549 -0,4793212 0,0758739 -0,1650053 0,2235751 0,3555757 -0,2847064 0,1655758 0,4833889 0,04248511 0,02682087 0,1991157 0,2244923 -0,1487926 0,09866017 -0,04668337 -0,3344051 -0,3269007 0,03561982 -0,1339655 -0,3450947 -0,04891866 -0,2737416 -0,1366205 -0,009607494 0,4410378 -0,0944342 -0,06241307 -0,3706554 0,3733935 -0,1046605 -0,09496686 -0,09297103 -0,002999056 0,1127216 -0,03183764 -0,006846175 -0,3969603 0,1743588 0,2015092 0,4476981 0,09668726 -0,4634502 0,385234 -0,3023583 -0,3302596 -0,3049485 -0,04224918 
0,2654799 0,06079877 -0,1844638 0,4190231 -0,2880201 0,2200779 -0,04228717 -0,1940468 0,3620105 0,3271605 -0,3820089 0,06603223 -0,293263 -0,01326988 -0,1432192 0,5382522 0,2508003 0,3165863 0,5046587 -0,2930325 -0,005155981 -0,02979215 0,484957 0,07268342 -0,1104283 0,05240971 



