0 100 100 100 100 100 100 0 5

0 100 100 5,75 100 100 100 1 10

-3,834805 100 100 2,690003 100 100 100 1 15

-3,83485 100 100 -0,3699955 100 -0,3699955 100 1 20

-3,83485 100 100 -3,429993 100 -3,429993 100 0 25

-3,743952 100 -0,4299955 100 100 100 100 0 30

-3,743943 100 -3,489993 100 100 100 100 0 35

-3,743943 -0,4899955 -0,4899955 5,57 5,57 100 100 1 40

-3,834805 -3,549993 -3,549993 2,510003 2,510003 100 100 1 -55

-3,83485 -0,5499955 -0,5499955 -0,5499955 5,51 100 100 0 -50

-3,743952 -3,609993 -3,609993 -3,609993 2,450003 100 100 1 -145

-3,834805 100 100 -0,6099955 -0,6099955 100 100 1 -140

-3,83485 100 100 -3,669993 -3,669993 100 100 0 -135

-3,743952 5,39 100 100 -0,6699955 100 5,39 2 -130

1,245597 2,330003 100 100 -3,729993 100 2,330003 1 -225

-3,035565 -0,7299955 100 100 -0,7299955 5,33 -0,7299955 2 -220

1,241639 -3,789993 100 100 -3,789993 2,270003 -3,789993 0 -315

1,717548 -0,7899955 5,27 100 -0,7899955 -0,7899955 5,27 2 -310

3,83081 -3,849993 2,210003 100 -3,849993 -3,849993 2,210003 0 -305

3,739459 -0,8499955 -0,8499955 100 -0,8499955 100 5,210001 2 -300

3,83081 -3,909993 -3,909993 100 -3,909993 100 2,150003 2 -395

3,830855 100 -0,9099955 100 100 100 -0,9099955 0 -390

3,727909 100 -3,969993 100 100 100 -3,969993 2 -485

3,83081 100 5,090001 100 5,090001 100 100 0 -480

