150,1989
60,40016
0
80,79991
41,20008
60,00016
80,79991
0
39,40008
62,60017
*----*
93,79971
101,9996
34,40006
0
61,60016
120,7993
40,60008
40,40008
40,20008
40,80008
*----*
277,9986
56,40014
121,3993
40,20008
141,599
60,80016
0
100,5996
41,20008
60,60016
*----*
245,9974
76,39998
41,40009
39,60008
40,40008
0
60,60016
100,9996
60,20016
42,60009
*----*
89,99977
40,20008
0
0
40,00008
0
82,39989
39,00008
40,00008
0
*----*
210,7979
40,00008
39,20008
0
40,40008
40,20008
43,20009
58,40015
39,40008
41,60009
*----*
114,3994
35,60006
80,99991
60,40016
60,80016
60,60016
100,7996
42,20009
99,19963
41,20008
*----*
89,39978
40,80008
60,00016
41,00008
100,7996
42,40009
99,39963
60,60016
39,80008
0
*----*
129,9992
39,80008
41,00008
43,20009
37,40007
40,00008
62,80017
39,20008
39,60008
40,60008
*----*
109,9995
0
62,00016
38,40007
41,00008
64,80016
96,39967
0
41,00008
40,60008
*----*
